The operator was: Kevin
The sample measure was: YBCO
The sample was biased using: 10E-3 Amps
Comments:
cool'ng from 250 to 70K- 10mA

Tbefore	        I+	        V+	        I-	        V-	        Tafter	        Tbase	        Time
2.452690E+2	9.996530E-3	1.893760E-4	-1.000350E-2	2.288820E-6	2.452660E+2	2.472380E+2	1.201500E+1
2.452610E+2	9.996590E-3	1.928570E-4	-1.000350E-2	6.151200E-6	2.452590E+2	2.468310E+2	1.600400E+1
2.452500E+2	9.996510E-3	1.962900E-4	-1.000350E-2	3.743170E-6	2.452330E+2	2.464910E+2	2.000100E+1
2.452080E+2	9.996500E-3	1.924280E-4	-1.000360E-2	5.578990E-6	2.451820E+2	2.460220E+2	2.400000E+1
2.451560E+2	9.996600E-3	1.982450E-4	-1.000360E-2	7.033350E-6	2.451200E+2	2.452440E+2	2.800100E+1
2.450900E+2	9.996450E-3	1.950030E-4	-1.000350E-2	8.249280E-6	2.450410E+2	2.441850E+2	3.200000E+1
2.449960E+2	9.996500E-3	2.005100E-4	-1.000350E-2	1.006130E-5	2.449350E+2	2.429320E+2	3.603900E+1
2.448780E+2	9.996460E-3	2.023460E-4	-1.000330E-2	1.432900E-5	2.448010E+2	2.415240E+2	4.000100E+1
2.447250E+2	9.996450E-3	2.066610E-4	-1.000350E-2	1.692770E-5	2.446340E+2	2.399830E+2	4.400100E+1
2.445450E+2	9.996370E-3	2.072330E-4	-1.000350E-2	1.976490E-5	2.444380E+2	2.383380E+2	4.801300E+1
2.443330E+2	9.996330E-3	2.085210E-4	-1.000350E-2	2.281670E-5	2.442070E+2	2.365990E+2	5.200400E+1
2.440830E+2	9.996420E-3	2.111440E-4	-1.000360E-2	2.498630E-5	2.439400E+2	2.347840E+2	5.600200E+1
2.437950E+2	9.996480E-3	2.146010E-4	-1.000350E-2	2.868180E-5	2.436360E+2	2.329150E+2	6.000100E+1
2.434810E+2	9.996390E-3	2.188680E-4	-1.000360E-2	3.380780E-5	2.432990E+2	2.310160E+2	6.400200E+1
2.431270E+2	9.996330E-3	2.195120E-4	-1.000350E-2	3.681180E-5	2.429220E+2	2.290980E+2	6.800000E+1
2.427380E+2	9.996450E-3	2.215620E-4	-1.000360E-2	3.478530E-5	2.425150E+2	2.271670E+2	7.200200E+1
2.423110E+2	9.996430E-3	2.257350E-4	-1.000350E-2	3.702640E-5	2.420750E+2	2.252440E+2	7.600100E+1
2.418540E+2	9.996450E-3	2.263310E-4	-1.000370E-2	4.017350E-5	2.416010E+2	2.233170E+2	8.000200E+1
2.413640E+2	9.996510E-3	2.257110E-4	-1.000370E-2	4.506110E-5	2.410970E+2	2.214090E+2	8.401400E+1
2.408480E+2	9.996580E-3	2.267840E-4	-1.000350E-2	4.627700E-5	2.405570E+2	2.195090E+2	8.800500E+1
2.403000E+2	9.996510E-3	2.274510E-4	-1.000350E-2	4.458430E-5	2.399960E+2	2.175930E+2	9.200200E+1
2.397220E+2	9.996570E-3	2.268310E-4	-1.000350E-2	5.121230E-5	2.394050E+2	2.156820E+2	9.600100E+1
2.391260E+2	9.996540E-3	2.282860E-4	-1.000360E-2	4.725460E-5	2.387930E+2	2.138080E+2	1.000020E+2
2.384970E+2	9.996640E-3	2.368210E-4	-1.000350E-2	4.959110E-5	2.381580E+2	2.119690E+2	1.040010E+2
2.378480E+2	9.996460E-3	2.291440E-4	-1.000360E-2	5.593300E-5	2.374920E+2	2.101570E+2	1.080010E+2
2.371770E+2	9.996580E-3	2.315040E-4	-1.000350E-2	5.099770E-5	2.368110E+2	2.083590E+2	1.120010E+2
2.364790E+2	9.996590E-3	2.310040E-4	-1.000360E-2	5.352500E-5	2.361010E+2	2.065610E+2	1.160020E+2
2.357640E+2	9.996450E-3	2.305030E-4	-1.000360E-2	5.173680E-5	2.353720E+2	2.047510E+2	1.200140E+2
2.350200E+2	9.996350E-3	2.389670E-4	-1.000370E-2	5.466940E-5	2.346120E+2	2.029290E+2	1.240040E+2
2.342500E+2	9.996580E-3	2.371550E-4	-1.000350E-2	5.435940E-5	2.338320E+2	2.010840E+2	1.280010E+2
2.334620E+2	9.996560E-3	2.365350E-4	-1.000360E-2	5.629060E-5	2.330320E+2	1.992240E+2	1.320010E+2
2.326490E+2	9.996510E-3	2.388480E-4	-1.000360E-2	5.955700E-5	2.322110E+2	1.973700E+2	1.360020E+2
2.318150E+2	9.996440E-3	2.399680E-4	-1.000350E-2	5.764960E-5	2.313630E+2	1.955270E+2	1.400010E+2
2.309590E+2	9.996450E-3	2.413270E-4	-1.000350E-2	6.048680E-5	2.305100E+2	1.937100E+2	1.439910E+2
2.300800E+2	9.996420E-3	2.413990E-4	-1.000360E-2	5.991460E-5	2.296100E+2	1.919010E+2	1.480020E+2
2.291920E+2	9.996490E-3	2.388240E-4	-1.000350E-2	6.213190E-5	2.287110E+2	1.901120E+2	1.520010E+2
2.282730E+2	9.996570E-3	2.423760E-4	-1.000340E-2	6.480220E-5	2.277830E+2	1.883350E+2	1.560150E+2
2.273460E+2	9.996700E-3	2.430680E-4	-1.000350E-2	6.871220E-5	2.268430E+2	1.865670E+2	1.600050E+2
2.263920E+2	9.996640E-3	2.423050E-4	-1.000360E-2	6.983280E-5	2.258780E+2	1.848060E+2	1.640020E+2
2.254230E+2	9.996700E-3	2.443080E-4	-1.000360E-2	7.069110E-5	2.249020E+2	1.830490E+2	1.680010E+2
2.244390E+2	9.996630E-3	2.452850E-4	-1.000360E-2	7.112030E-5	2.239050E+2	1.813110E+2	1.720020E+2
2.234280E+2	9.996660E-3	2.459290E-4	-1.000360E-2	7.054810E-5	2.228820E+2	1.795660E+2	1.760020E+2
2.223990E+2	9.996670E-3	2.488370E-4	-1.000340E-2	7.603170E-5	2.218300E+2	1.777880E+2	1.800010E+2
2.213090E+2	9.996520E-3	2.512690E-4	-1.000360E-2	7.839200E-5	2.207580E+2	1.760120E+2	1.839910E+2
2.202390E+2	9.996630E-3	2.552030E-4	-1.000350E-2	7.989410E-5	2.196620E+2	1.741490E+2	1.880010E+2
2.191490E+2	9.996570E-3	2.571110E-4	-1.000360E-2	8.821490E-5	2.185640E+2	1.722850E+2	1.920150E+2
2.180400E+2	9.996540E-3	2.617840E-4	-1.000350E-2	9.291170E-5	2.174440E+2	1.704580E+2	1.960050E+2
2.169100E+2	9.996460E-3	2.608300E-4	-1.000360E-2	9.152890E-5	2.163050E+2	1.686410E+2	2.000010E+2
2.157630E+2	9.996570E-3	2.640250E-4	-1.000350E-2	9.458070E-5	2.151310E+2	1.668090E+2	2.040020E+2
2.145770E+2	9.996500E-3	2.635960E-4	-1.000360E-2	9.577270E-5	2.139700E+2	1.650010E+2	2.080020E+2
2.134210E+2	9.996460E-3	2.653360E-4	-1.000350E-2	9.524820E-5	2.128170E+2	1.631660E+2	2.119920E+2
2.122360E+2	9.996610E-3	2.619030E-4	-1.000350E-2	9.846690E-5	2.116070E+2	1.613770E+2	2.160020E+2
2.110430E+2	9.996710E-3	2.658370E-4	-1.000360E-2	9.922980E-5	2.104040E+2	1.596250E+2	2.200020E+2
2.098430E+2	9.996670E-3	2.631190E-4	-1.000350E-2	9.810920E-5	2.092190E+2	1.578900E+2	2.239920E+2
2.086280E+2	9.996650E-3	2.640490E-4	-1.000360E-2	9.994510E-5	2.079990E+2	1.561560E+2	2.279920E+2
2.073830E+2	9.996650E-3	2.690550E-4	-1.000350E-2	9.772780E-5	2.067260E+2	1.544190E+2	2.320030E+2
2.061530E+2	9.996550E-3	2.566810E-4	-1.000340E-2	9.758470E-5	2.054850E+2	1.526400E+2	2.360020E+2
2.048990E+2	9.996440E-3	2.566100E-4	-1.000350E-2	9.732250E-5	2.042260E+2	1.508670E+2	2.400020E+2
2.036320E+2	9.996530E-3	2.603290E-4	-1.000340E-2	9.641650E-5	2.029530E+2	1.491200E+2	2.440010E+2
2.023560E+2	9.996550E-3	2.613780E-4	-1.000360E-2	9.989740E-5	2.016890E+2	1.473540E+2	2.479920E+2
2.010720E+2	9.996470E-3	2.601390E-4	-1.000350E-2	1.048090E-4	2.004040E+2	1.455760E+2	2.519910E+2
1.997760E+2	9.996450E-3	2.588750E-4	-1.000350E-2	1.018290E-4	1.990890E+2	1.438170E+2	2.560020E+2
1.984800E+2	9.996560E-3	2.585410E-4	-1.000350E-2	1.038070E-4	1.978000E+2	1.420540E+2	2.599920E+2
1.971610E+2	9.996560E-3	2.614260E-4	-1.000350E-2	1.060490E-4	1.964830E+2	1.402560E+2	2.639920E+2
1.958440E+2	9.996550E-3	2.600190E-4	-1.000350E-2	1.055240E-4	1.951390E+2	1.384120E+2	2.680040E+2
1.945090E+2	9.996560E-3	2.563240E-4	-1.000360E-2	1.008270E-4	1.938270E+2	1.365250E+2	2.719910E+2
1.931810E+2	9.996660E-3	7.197860E-5	-1.000360E-2	-8.893010E-5	1.924700E+2	1.346060E+2	2.760020E+2
1.918380E+2	9.996680E-3	7.040500E-5	-1.000350E-2	-8.687970E-5	1.911300E+2	1.327170E+2	2.800010E+2
1.904950E+2	9.996710E-3	7.274150E-5	-1.000350E-2	-8.373260E-5	1.897930E+2	1.308730E+2	2.839920E+2
1.891350E+2	9.996690E-3	7.348060E-5	-1.000350E-2	-8.447170E-5	1.884100E+2	1.290840E+2	2.880020E+2
1.877730E+2	9.996660E-3	7.362370E-5	-1.000350E-2	-8.232590E-5	1.870440E+2	1.273260E+2	2.920020E+2
1.864050E+2	9.996640E-3	7.267000E-5	-1.000360E-2	-8.163450E-5	1.856740E+2	1.256030E+2	2.960020E+2
1.850180E+2	9.996620E-3	7.276540E-5	-1.000360E-2	-8.246900E-5	1.843020E+2	1.238890E+2	2.999930E+2
1.836370E+2	9.996730E-3	7.474420E-5	-1.000360E-2	-7.967950E-5	1.829000E+2	1.221860E+2	3.040040E+2
1.822430E+2	9.996600E-3	7.402900E-5	-1.000350E-2	-7.574560E-5	1.815270E+2	1.204920E+2	3.079910E+2
1.808470E+2	9.996630E-3	7.255080E-5	-1.000350E-2	-7.622240E-5	1.801280E+2	1.188100E+2	3.119920E+2
1.794450E+2	9.996510E-3	7.247920E-5	-1.000360E-2	-7.641320E-5	1.787180E+2	1.171470E+2	3.159930E+2
1.780380E+2	9.996510E-3	7.469650E-5	-1.000350E-2	-7.724760E-5	1.773090E+2	1.155100E+2	3.199910E+2
1.766230E+2	9.996600E-3	7.295610E-5	-1.000350E-2	-7.550720E-5	1.758960E+2	1.138800E+2	3.239930E+2
1.752140E+2	9.996620E-3	7.557870E-5	-1.000360E-2	-7.166860E-5	1.744770E+2	1.122680E+2	3.279910E+2
1.737920E+2	9.996590E-3	7.417200E-5	-1.000370E-2	-7.171630E-5	1.730580E+2	1.106920E+2	3.319920E+2
1.723700E+2	9.996560E-3	7.352830E-5	-1.000350E-2	-7.064340E-5	1.716410E+2	1.091390E+2	3.359920E+2
1.709520E+2	9.996700E-3	7.812980E-5	-1.000360E-2	-6.501670E-5	1.701970E+2	1.076130E+2	3.400050E+2
1.695310E+2	9.996630E-3	7.612710E-5	-1.000350E-2	-6.914140E-5	1.687990E+2	1.061180E+2	3.439920E+2
1.681120E+2	9.996650E-3	7.522110E-5	-1.000360E-2	-6.542210E-5	1.673800E+2	1.046470E+2	3.479920E+2
1.666850E+2	9.996560E-3	7.588860E-5	-1.000350E-2	-6.158350E-5	1.659480E+2	1.032090E+2	3.519920E+2
1.652510E+2	9.996600E-3	7.867810E-5	-1.000350E-2	-6.349090E-5	1.644900E+2	1.017880E+2	3.560030E+2
1.638100E+2	9.996580E-3	7.803440E-5	-1.000350E-2	-5.791190E-5	1.630700E+2	1.003800E+2	3.599920E+2
1.623560E+2	9.996640E-3	7.610320E-5	-1.000350E-2	-5.826950E-5	1.615910E+2	9.894100E+1	3.639910E+2
1.608590E+2	9.996600E-3	7.712840E-5	-1.000350E-2	-5.700590E-5	1.600840E+2	9.744500E+1	3.679930E+2
1.593440E+2	9.996750E-3	7.157330E-5	-1.000330E-2	-6.897450E-5	1.585450E+2	9.576400E+1	3.719930E+2
1.577960E+2	9.996800E-3	4.932880E-5	-1.000340E-2	-8.504390E-5	1.569640E+2	9.304300E+1	3.760040E+2
1.562180E+2	9.996600E-3	5.009170E-5	-1.000340E-2	-8.075240E-5	1.553800E+2	9.012700E+1	3.800020E+2
1.546480E+2	9.996610E-3	5.309580E-5	-1.000350E-2	-7.038120E-5	1.538200E+2	8.746000E+1	3.839920E+2
1.529480E+2	9.996580E-3	6.880760E-5	-1.000350E-2	-6.144050E-5	1.516730E+2	8.510300E+1	3.879920E+2
1.502520E+2	9.996550E-3	6.070140E-5	-1.000350E-2	-5.540850E-5	1.487380E+2	8.364200E+1	3.919920E+2
1.473730E+2	9.996570E-3	6.978510E-5	-1.000350E-2	-5.290510E-5	1.459580E+2	8.278500E+1	3.959910E+2
1.445800E+2	9.996700E-3	7.710460E-5	-1.000350E-2	-4.494190E-5	1.429850E+2	8.207000E+1	3.999930E+2
1.414100E+2	9.996700E-3	1.049040E-6	-1.000350E-2	-1.230240E-5	1.394910E+2	8.154300E+1	4.039920E+2
1.373600E+2	9.996580E-3	-4.820820E-5	-1.000350E-2	-1.146790E-5	1.349060E+2	8.120000E+1	4.079930E+2
1.325600E+2	9.996590E-3	6.904600E-5	-1.000350E-2	1.288180E-4	1.300340E+2	8.082600E+1	4.120050E+2
1.278130E+2	9.996560E-3	1.026150E-4	-1.000370E-2	1.412630E-4	1.253120E+2	8.051800E+1	4.159920E+2
1.228040E+2	9.996590E-3	9.734630E-5	-1.000360E-2	1.358990E-4	1.198620E+2	8.033000E+1	4.199920E+2
1.149980E+2	9.996590E-3	9.117130E-5	-1.000350E-2	1.262430E-4	1.104850E+2	8.038600E+1	4.239920E+2
1.078730E+2	9.996610E-3	8.792880E-5	-1.000360E-2	1.248120E-4	1.055980E+2	8.031200E+1	4.279920E+2
1.035400E+2	9.996390E-3	7.450580E-5	-1.000360E-2	1.131060E-4	1.016170E+2	8.028500E+1	4.319920E+2
1.002330E+2	9.996460E-3	7.696150E-5	-1.000360E-2	1.192090E-4	9.907400E+1	8.034600E+1	4.359930E+2
9.810000E+1	9.996530E-3	7.805820E-5	-1.000340E-2	1.131300E-4	9.710700E+1	8.043400E+1	4.399920E+2
9.621100E+1	9.996490E-3	7.596020E-5	-1.000350E-2	1.106020E-4	9.537300E+1	8.060800E+1	4.439930E+2
9.449400E+1	9.996450E-3	7.584100E-5	-1.000350E-2	1.122000E-4	9.362500E+1	8.071700E+1	4.479920E+2
9.287700E+1	9.996520E-3	7.548330E-5	-1.000350E-2	1.119380E-4	9.207300E+1	8.071500E+1	4.519920E+2
9.131500E+1	9.996420E-3	7.565020E-5	-1.000350E-2	1.118180E-4	9.052900E+1	8.066600E+1	4.559920E+2
8.979300E+1	9.996600E-3	7.519720E-5	-1.000350E-2	1.121040E-4	8.901200E+1	8.058300E+1	4.599910E+2
8.829100E+1	9.996510E-3	7.164480E-5	-1.000350E-2	1.111030E-4	8.752200E+1	8.049600E+1	4.639920E+2
8.679200E+1	9.996580E-3	7.269380E-5	-1.000360E-2	1.114850E-4	8.602000E+1	8.041400E+1	4.679920E+2
8.532400E+1	9.996470E-3	7.414820E-5	-1.000360E-2	1.120330E-4	8.469200E+1	8.037000E+1	4.719910E+2
8.412300E+1	9.996540E-3	7.565020E-5	-1.000360E-2	1.122710E-4	8.354500E+1	8.036600E+1	4.759930E+2
8.307900E+1	9.996440E-3	7.176400E-5	-1.000360E-2	1.095290E-4	8.263800E+1	8.042100E+1	4.799930E+2
8.222200E+1	9.996490E-3	7.150170E-5	-1.000360E-2	1.102920E-4	8.180500E+1	8.048900E+1	4.840040E+2
8.149000E+1	9.996640E-3	7.209780E-5	-1.000360E-2	1.106740E-4	8.115100E+1	8.053400E+1	4.879910E+2
8.084700E+1	9.996540E-3	7.429120E-5	-1.000350E-2	1.108410E-4	8.051100E+1	8.055400E+1	4.919930E+2
8.023200E+1	9.996590E-3	7.162090E-5	-1.000360E-2	1.137500E-4	7.996000E+1	8.055400E+1	4.959920E+2
7.972600E+1	9.996500E-3	7.410050E-5	-1.000360E-2	1.078610E-4	7.941200E+1	8.053900E+1	4.999920E+2
7.918000E+1	9.996550E-3	7.221700E-5	-1.000360E-2	1.120090E-4	7.898200E+1	8.053500E+1	5.039930E+2
7.882300E+1	9.996340E-3	7.100110E-5	-1.000370E-2	1.090050E-4	7.867700E+1	8.053900E+1	5.079930E+2
7.855600E+1	9.996420E-3	7.083420E-5	-1.000350E-2	1.102690E-4	7.843200E+1	8.053900E+1	5.119910E+2
7.831600E+1	9.996420E-3	7.040500E-5	-1.000350E-2	1.092430E-4	7.821100E+1	8.053100E+1	5.159920E+2
7.811900E+1	9.996520E-3	6.885530E-5	-1.000340E-2	1.096730E-4	7.815700E+1	8.073400E+1	5.199920E+2
7.823600E+1	9.996420E-3	7.455350E-5	-1.000350E-2	1.090290E-4	7.824300E+1	8.102000E+1	5.239930E+2
7.825700E+1	9.996540E-3	7.359980E-5	-1.000350E-2	1.091960E-4	7.817800E+1	8.104300E+1	5.279930E+2
