The operator was: Kevin
The sample measure was: YBCO
The sample was biased using: 30E-3 Amps
Comments:
w'th magneic field

Tbefore	        I+	        V+	        I-	        V-	        Tafter	        Tbase	        Time
7.807700E+1	2.998940E-2	5.183220E-5	-3.000990E-2	1.029970E-4	7.813000E+1	8.075500E+1	4.500000E+1
7.815600E+1	2.998950E-2	5.319120E-5	-3.001010E-2	1.064540E-4	7.810500E+1	8.075600E+1	4.800000E+1
7.809100E+1	2.998950E-2	5.359650E-5	-3.000990E-2	1.022100E-4	7.809600E+1	8.074200E+1	5.100000E+1
7.808100E+1	2.998970E-2	5.450250E-5	-3.000990E-2	1.053090E-4	7.809500E+1	8.073200E+1	5.400000E+1
7.809300E+1	2.998970E-2	5.207060E-5	-3.001020E-2	1.060010E-4	7.807800E+1	8.072800E+1	5.700000E+1
7.814400E+1	2.998960E-2	5.233290E-5	-3.000990E-2	1.022820E-4	7.813000E+1	8.075200E+1	6.004400E+1
7.811200E+1	2.998980E-2	5.283360E-5	-3.001010E-2	9.920600E-5	7.809900E+1	8.074700E+1	6.210400E+1
7.815000E+1	2.998990E-2	5.202290E-5	-3.001010E-2	1.061920E-4	7.823300E+1	8.191900E+1	6.500000E+1
7.818400E+1	2.999000E-2	5.233290E-5	-3.001000E-2	1.025920E-4	7.821100E+1	8.254900E+1	6.800100E+1
7.819200E+1	2.998970E-2	5.495550E-5	-3.001010E-2	1.034260E-4	7.818500E+1	8.301700E+1	7.100100E+1
7.817900E+1	2.998940E-2	4.942420E-5	-3.001010E-2	1.055240E-4	7.816400E+1	8.337200E+1	7.400000E+1
7.817400E+1	2.998940E-2	5.121230E-5	-3.001000E-2	1.056910E-4	7.816400E+1	8.369600E+1	7.700100E+1
7.815400E+1	2.998930E-2	5.316730E-5	-3.001010E-2	1.063590E-4	7.823000E+1	8.400100E+1	8.000100E+1
7.823500E+1	2.998980E-2	5.364420E-5	-3.001030E-2	1.074080E-4	7.818100E+1	8.428700E+1	8.300000E+1
7.822300E+1	2.998950E-2	5.285740E-5	-3.001000E-2	1.034500E-4	7.822200E+1	8.458600E+1	8.600000E+1
7.818000E+1	2.998970E-2	5.495550E-5	-3.000990E-2	1.029010E-4	7.819700E+1	8.488400E+1	8.900000E+1
7.817400E+1	2.998990E-2	5.588530E-5	-3.000990E-2	1.039030E-4	7.813600E+1	8.518700E+1	9.204000E+1
7.817800E+1	2.998990E-2	5.447860E-5	-3.000990E-2	1.054050E-4	7.825900E+1	8.548100E+1	9.500000E+1
7.822600E+1	2.998980E-2	5.385880E-5	-3.001020E-2	1.043800E-4	7.819400E+1	8.574500E+1	9.800000E+1
7.820000E+1	2.998970E-2	5.381110E-5	-3.000990E-2	1.047850E-4	7.816300E+1	8.589100E+1	1.009990E+2
7.815400E+1	2.998940E-2	5.366800E-5	-3.001010E-2	1.073840E-4	7.813900E+1	8.605800E+1	1.040010E+2
7.814500E+1	2.998970E-2	5.569460E-5	-3.000970E-2	1.078610E-4	7.811300E+1	8.632500E+1	1.070000E+2
7.813200E+1	2.998960E-2	5.843640E-5	-3.001010E-2	1.070260E-4	7.825700E+1	8.672600E+1	1.100000E+2
7.815000E+1	2.998960E-2	5.695820E-5	-3.000970E-2	1.082180E-4	7.804400E+1	8.717100E+1	1.130000E+2
7.824500E+1	2.998960E-2	5.691050E-5	-3.000970E-2	1.104590E-4	7.821100E+1	8.768400E+1	1.160000E+2
7.810300E+1	2.998960E-2	5.764960E-5	-3.001000E-2	1.102920E-4	7.810300E+1	8.822400E+1	1.189990E+2
7.819400E+1	2.998970E-2	5.910400E-5	-3.001010E-2	1.103880E-4	7.811900E+1	8.879800E+1	1.220010E+2
7.805800E+1	2.998940E-2	6.015300E-5	-3.000960E-2	1.145840E-4	7.814300E+1	8.940500E+1	1.250410E+2
7.813300E+1	2.998970E-2	6.341930E-5	-3.001000E-2	1.151800E-4	7.808500E+1	8.999400E+1	1.280000E+2
7.810000E+1	2.998950E-2	6.566050E-5	-3.000990E-2	1.156810E-4	7.812200E+1	9.059600E+1	1.310010E+2
7.810200E+1	2.998980E-2	6.649490E-5	-3.000970E-2	1.184230E-4	7.805100E+1	9.118900E+1	1.340000E+2
7.820300E+1	2.998970E-2	6.647110E-5	-3.000970E-2	1.163720E-4	7.819200E+1	9.178000E+1	1.370000E+2
7.812300E+1	2.998970E-2	6.775860E-5	-3.000970E-2	1.191620E-4	7.808100E+1	9.236100E+1	1.399990E+2
7.813300E+1	2.998980E-2	7.061960E-5	-3.001000E-2	1.198290E-4	7.813200E+1	9.292900E+1	1.430010E+2
7.807100E+1	2.998950E-2	7.178780E-5	-3.001030E-2	1.222610E-4	7.809600E+1	9.349300E+1	1.460000E+2
7.812000E+1	2.998970E-2	7.100110E-5	-3.001010E-2	1.263620E-4	7.808900E+1	9.405000E+1	1.490010E+2
7.806000E+1	2.999010E-2	7.507800E-5	-3.001040E-2	1.282450E-4	7.821000E+1	9.459400E+1	1.520010E+2
7.822800E+1	2.998980E-2	7.500650E-5	-3.001050E-2	1.285790E-4	7.811600E+1	9.512800E+1	1.550000E+2
7.807100E+1	2.998950E-2	7.991790E-5	-3.001040E-2	1.286750E-4	7.813900E+1	9.565900E+1	1.580400E+2
7.814300E+1	2.998950E-2	7.798670E-5	-3.001030E-2	1.277450E-4	7.806800E+1	9.616300E+1	1.610000E+2
7.810400E+1	2.998940E-2	7.956030E-5	-3.001040E-2	1.305340E-4	7.816300E+1	9.667100E+1	1.639990E+2
7.813100E+1	2.998970E-2	7.982250E-5	-3.001000E-2	1.334430E-4	7.808700E+1	9.716800E+1	1.670000E+2
7.812300E+1	2.999010E-2	8.056160E-5	-3.001000E-2	1.348970E-4	7.812400E+1	9.766000E+1	1.699990E+2
7.811200E+1	2.999010E-2	8.065700E-5	-3.000980E-2	1.334910E-4	7.819800E+1	9.814100E+1	1.730000E+2
7.832500E+1	2.999000E-2	8.463860E-5	-3.000960E-2	1.369240E-4	7.832900E+1	9.861000E+1	1.760010E+2
7.827700E+1	2.998960E-2	8.714200E-5	-3.000980E-2	1.376390E-4	7.835400E+1	9.906900E+1	1.790000E+2
7.838200E+1	2.998970E-2	8.952620E-5	-3.000960E-2	1.411440E-4	7.853900E+1	9.951700E+1	1.820000E+2
7.870800E+1	2.998990E-2	8.156300E-5	-3.001000E-2	1.331570E-4	7.898300E+1	9.995900E+1	1.850010E+2
7.916900E+1	2.998960E-2	8.080010E-5	-3.000990E-2	1.293180E-4	7.931700E+1	1.003810E+2	1.880010E+2
7.942500E+1	2.998980E-2	7.877350E-5	-3.000990E-2	1.316310E-4	7.953800E+1	1.008020E+2	1.910400E+2
7.964500E+1	2.998980E-2	7.989410E-5	-3.000980E-2	1.330380E-4	7.975400E+1	1.012100E+2	1.940000E+2
7.984900E+1	2.998960E-2	8.332730E-5	-3.000950E-2	1.328710E-4	7.996600E+1	1.016190E+2	1.970000E+2
8.006200E+1	2.999000E-2	7.810590E-5	-3.000990E-2	1.300330E-4	8.016000E+1	1.020150E+2	2.000000E+2
8.024500E+1	2.998970E-2	7.331370E-5	-3.000950E-2	1.276730E-4	8.034300E+1	1.024170E+2	2.029990E+2
8.043100E+1	2.999000E-2	7.572170E-5	-3.000970E-2	1.254320E-4	8.052000E+1	1.028070E+2	2.059990E+2
8.060400E+1	2.998950E-2	7.486340E-5	-3.000960E-2	1.311300E-4	8.069800E+1	1.031900E+2	2.090000E+2
8.078700E+1	2.998970E-2	7.746220E-5	-3.000970E-2	1.245260E-4	8.087300E+1	1.035660E+2	2.120010E+2
8.095300E+1	2.998980E-2	7.731910E-5	-3.000950E-2	1.299140E-4	8.103700E+1	1.039390E+2	2.150010E+2
8.111500E+1	2.998990E-2	7.896420E-5	-3.000970E-2	1.284840E-4	8.119200E+1	1.042760E+2	2.180000E+2
8.126500E+1	2.998960E-2	7.915500E-5	-3.001000E-2	1.310590E-4	8.134300E+1	1.045690E+2	2.210000E+2
8.141400E+1	2.998950E-2	7.884500E-5	-3.000960E-2	1.298430E-4	8.148900E+1	1.048090E+2	2.240400E+2
8.155900E+1	2.998960E-2	8.068080E-5	-3.000940E-2	1.338240E-4	8.162400E+1	1.049760E+2	2.270000E+2
8.169100E+1	2.998990E-2	8.306500E-5	-3.000960E-2	1.314880E-4	8.176800E+1	1.051060E+2	2.300010E+2
8.182900E+1	2.999000E-2	7.798670E-5	-3.000950E-2	1.303430E-4	8.189300E+1	1.051840E+2	2.330000E+2
8.195200E+1	2.999010E-2	7.960800E-5	-3.000980E-2	1.324890E-4	8.201700E+1	1.052340E+2	2.359990E+2
8.207500E+1	2.998980E-2	8.106230E-5	-3.000920E-2	1.320840E-4	8.214200E+1	1.052600E+2	2.389990E+2
8.219200E+1	2.998990E-2	8.118150E-5	-3.000990E-2	1.337530E-4	8.224900E+1	1.052650E+2	2.420000E+2
8.230200E+1	2.998990E-2	7.619860E-5	-3.001000E-2	1.347300E-4	8.235700E+1	1.052630E+2	2.449990E+2
8.240800E+1	2.999020E-2	8.301740E-5	-3.000970E-2	1.346830E-4	8.246200E+1	1.052490E+2	2.480000E+2
8.251300E+1	2.999000E-2	8.492470E-5	-3.000990E-2	1.381400E-4	8.256900E+1	1.052180E+2	2.510000E+2
8.261600E+1	2.998970E-2	8.478160E-5	-3.000960E-2	1.403330E-4	8.266700E+1	1.051940E+2	2.540000E+2
8.271700E+1	2.998930E-2	8.659360E-5	-3.000970E-2	1.352550E-4	8.277200E+1	1.051730E+2	2.570410E+2
8.280800E+1	2.998990E-2	8.430480E-5	-3.000950E-2	1.363990E-4	8.285100E+1	1.051500E+2	2.600010E+2
8.289700E+1	2.998970E-2	8.385180E-5	-3.001000E-2	1.360420E-4	8.293500E+1	1.051330E+2	2.630000E+2
8.297600E+1	2.998970E-2	8.356570E-5	-3.000990E-2	1.379250E-4	8.301700E+1	1.051170E+2	2.660000E+2
8.304800E+1	2.998940E-2	8.552070E-5	-3.000980E-2	1.353500E-4	8.308600E+1	1.050990E+2	2.690000E+2
8.312700E+1	2.998990E-2	8.506780E-5	-3.001010E-2	1.362800E-4	8.316000E+1	1.050820E+2	2.720000E+2
8.319200E+1	2.998980E-2	8.265970E-5	-3.000940E-2	1.348730E-4	8.322900E+1	1.050680E+2	2.749990E+2
8.325900E+1	2.998990E-2	8.447170E-5	-3.000960E-2	1.331570E-4	8.328900E+1	1.050540E+2	2.780010E+2
8.332000E+1	2.999000E-2	8.399490E-5	-3.000980E-2	1.361130E-4	8.335100E+1	1.050420E+2	2.810010E+2
8.338000E+1	2.998990E-2	8.172990E-5	-3.000990E-2	1.354460E-4	8.341100E+1	1.050330E+2	2.840000E+2
8.343200E+1	2.998940E-2	8.485320E-5	-3.001010E-2	1.345870E-4	8.345600E+1	1.050270E+2	2.870000E+2
8.348200E+1	2.998970E-2	8.325580E-5	-3.000960E-2	1.321550E-4	8.350600E+1	1.050220E+2	2.900400E+2
8.353200E+1	2.998990E-2	8.337500E-5	-3.000940E-2	1.339670E-4	8.355100E+1	1.050170E+2	2.929990E+2
8.357100E+1	2.998990E-2	8.449550E-5	-3.000940E-2	1.344440E-4	8.359600E+1	1.050090E+2	2.960010E+2
8.361400E+1	2.999000E-2	8.058550E-5	-3.000950E-2	1.341340E-4	8.363300E+1	1.050080E+2	2.989990E+2
8.365600E+1	2.998950E-2	8.547310E-5	-3.000980E-2	1.351120E-4	8.367700E+1	1.050080E+2	3.020000E+2
8.369000E+1	2.998940E-2	8.404250E-5	-3.000990E-2	1.341340E-4	8.371300E+1	1.050070E+2	3.049990E+2
8.372900E+1	2.998990E-2	8.065700E-5	-3.001030E-2	1.342770E-4	8.374600E+1	1.050050E+2	3.080000E+2
8.376300E+1	2.998980E-2	8.666520E-5	-3.001010E-2	1.355170E-4	8.377800E+1	1.050040E+2	3.110000E+2
8.379000E+1	2.998960E-2	8.254050E-5	-3.001020E-2	1.342770E-4	8.380800E+1	1.050010E+2	3.140010E+2
8.382200E+1	2.998940E-2	8.363720E-5	-3.001000E-2	1.361130E-4	8.383600E+1	1.050060E+2	3.170000E+2
8.385100E+1	2.998960E-2	8.442400E-5	-3.000990E-2	1.378770E-4	8.386500E+1	1.050000E+2	3.200000E+2
8.387600E+1	2.998960E-2	8.625980E-5	-3.000950E-2	1.345160E-4	8.388800E+1	1.050030E+2	3.230390E+2
8.390100E+1	2.998950E-2	8.423330E-5	-3.000960E-2	1.353500E-4	8.391400E+1	1.050040E+2	3.260010E+2
8.392700E+1	2.999000E-2	8.080010E-5	-3.000990E-2	1.364470E-4	8.393700E+1	1.050070E+2	3.290010E+2
8.395100E+1	2.998970E-2	8.604530E-5	-3.000980E-2	1.351360E-4	8.397200E+1	1.049940E+2	3.319990E+2
8.398700E+1	2.998980E-2	8.454320E-5	-3.000970E-2	1.385210E-4	8.399400E+1	1.049740E+2	3.349990E+2
8.400600E+1	2.998970E-2	8.316040E-5	-3.000950E-2	1.355650E-4	8.402100E+1	1.049770E+2	3.380000E+2
8.403000E+1	2.999000E-2	8.568760E-5	-3.000920E-2	1.373290E-4	8.403700E+1	1.049830E+2	3.410010E+2
8.404600E+1	2.998980E-2	8.499620E-5	-3.000970E-2	1.351590E-4	8.405500E+1	1.049920E+2	3.440010E+2
8.406400E+1	2.998980E-2	8.423330E-5	-3.000990E-2	1.341580E-4	8.407000E+1	1.050000E+2	3.470010E+2
8.407800E+1	2.998940E-2	8.478160E-5	-3.000970E-2	1.344200E-4	8.408600E+1	1.050070E+2	3.500000E+2
8.409000E+1	2.998980E-2	8.451940E-5	-3.001000E-2	1.344680E-4	8.409800E+1	1.050050E+2	3.529990E+2
8.410500E+1	2.998930E-2	8.432870E-5	-3.000980E-2	1.340630E-4	8.411100E+1	1.050080E+2	3.560410E+2
8.411300E+1	2.998980E-2	8.006100E-5	-3.001020E-2	1.334670E-4	8.412000E+1	1.050100E+2	3.590010E+2
8.413100E+1	2.998990E-2	8.361340E-5	-3.001000E-2	1.312260E-4	8.413200E+1	1.050080E+2	3.620000E+2
8.413900E+1	2.998980E-2	8.387570E-5	-3.001000E-2	1.341580E-4	8.415000E+1	1.050070E+2	3.649990E+2
8.415900E+1	2.998990E-2	8.251670E-5	-3.000980E-2	1.356120E-4	8.416200E+1	1.050040E+2	3.680000E+2
8.416800E+1	2.999000E-2	7.967950E-5	-3.000990E-2	1.343250E-4	8.417300E+1	1.050040E+2	3.709990E+2
8.418300E+1	2.998960E-2	8.375650E-5	-3.000970E-2	1.322510E-4	8.419500E+1	1.050040E+2	3.740010E+2
8.420000E+1	2.998960E-2	8.323190E-5	-3.001000E-2	1.341820E-4	8.420400E+1	1.050010E+2	3.770010E+2
8.421200E+1	2.998980E-2	8.018020E-5	-3.000980E-2	1.344920E-4	8.421600E+1	1.050060E+2	3.800000E+2
8.422300E+1	2.998950E-2	8.606910E-5	-3.000990E-2	1.325130E-4	8.422600E+1	1.050050E+2	3.830000E+2
8.423700E+1	2.999000E-2	8.194450E-5	-3.000980E-2	1.321790E-4	8.424600E+1	1.049990E+2	3.860000E+2
8.424800E+1	2.999020E-2	8.265970E-5	-3.000960E-2	1.355890E-4	8.425400E+1	1.050000E+2	3.890400E+2
8.426200E+1	2.999010E-2	7.915500E-5	-3.000950E-2	1.352790E-4	8.426800E+1	1.050030E+2	3.920000E+2
8.427200E+1	2.999000E-2	8.161070E-5	-3.000940E-2	1.337530E-4	8.427900E+1	1.050020E+2	3.949990E+2
8.428000E+1	2.999030E-2	7.939340E-5	-3.000950E-2	1.343250E-4	8.428000E+1	1.050030E+2	3.980000E+2
8.429100E+1	2.998980E-2	7.777210E-5	-3.000980E-2	1.338960E-4	8.429600E+1	1.050040E+2	4.009990E+2
8.430400E+1	2.998970E-2	8.256440E-5	-3.000950E-2	1.326560E-4	8.430500E+1	1.050060E+2	4.040000E+2
8.430800E+1	2.998990E-2	8.111000E-5	-3.001000E-2	1.348970E-4	8.431500E+1	1.050060E+2	4.070010E+2
8.431900E+1	2.998970E-2	8.294580E-5	-3.001010E-2	1.340630E-4	8.432700E+1	1.050060E+2	4.100010E+2
8.433000E+1	2.998960E-2	8.440020E-5	-3.001010E-2	1.342540E-4	8.433400E+1	1.050020E+2	4.130000E+2
8.433700E+1	2.998940E-2	8.234980E-5	-3.000990E-2	1.338010E-4	8.434100E+1	1.050000E+2	4.160000E+2
8.434800E+1	2.998980E-2	8.306500E-5	-3.001000E-2	1.348020E-4	8.435600E+1	1.050050E+2	4.190010E+2
8.435300E+1	2.998970E-2	8.206370E-5	-3.000990E-2	1.322270E-4	8.436100E+1	1.050050E+2	4.220410E+2
8.436700E+1	2.998960E-2	7.989410E-5	-3.000950E-2	1.328950E-4	8.437300E+1	1.050020E+2	4.250000E+2
8.437300E+1	2.998950E-2	8.132460E-5	-3.000970E-2	1.292710E-4	8.438100E+1	1.050060E+2	4.280000E+2
8.438600E+1	2.998960E-2	7.994180E-5	-3.000930E-2	1.313690E-4	8.438800E+1	1.050020E+2	4.309990E+2
8.439700E+1	2.998990E-2	7.951260E-5	-3.000940E-2	1.307010E-4	8.440500E+1	1.050060E+2	4.340000E+2
8.441700E+1	2.999010E-2	7.815360E-5	-3.000960E-2	1.317260E-4	8.442100E+1	1.049830E+2	4.370000E+2
8.442500E+1	2.999020E-2	8.168220E-5	-3.000990E-2	1.331810E-4	8.443100E+1	1.049850E+2	4.400010E+2
8.444000E+1	2.998970E-2	7.960800E-5	-3.000970E-2	1.338010E-4	8.444600E+1	1.049850E+2	4.430010E+2
8.445000E+1	2.998980E-2	8.292200E-5	-3.000970E-2	1.301290E-4	8.445500E+1	1.049940E+2	4.460000E+2
8.446400E+1	2.998990E-2	8.273120E-5	-3.000990E-2	1.291040E-4	8.446500E+1	1.049990E+2	4.489990E+2
8.447400E+1	2.998990E-2	8.482930E-5	-3.001000E-2	1.333240E-4	8.448300E+1	1.050020E+2	4.520010E+2
8.448300E+1	2.998970E-2	8.101460E-5	-3.000970E-2	1.335860E-4	8.448800E+1	1.050000E+2	4.550390E+2
8.449400E+1	2.998940E-2	7.884500E-5	-3.000980E-2	1.320360E-4	8.450000E+1	1.050020E+2	4.580010E+2
8.450400E+1	2.998990E-2	8.044240E-5	-3.000960E-2	1.323220E-4	8.450900E+1	1.050040E+2	4.610010E+2
8.451600E+1	2.998960E-2	8.244510E-5	-3.000960E-2	1.318220E-4	8.452000E+1	1.050030E+2	4.640010E+2
8.452000E+1	2.998960E-2	8.106230E-5	-3.000930E-2	1.322030E-4	8.453300E+1	1.050060E+2	4.670000E+2
8.454300E+1	2.998970E-2	8.182530E-5	-3.000970E-2	1.350880E-4	8.455800E+1	1.049930E+2	4.699990E+2
8.456100E+1	2.998990E-2	7.922650E-5	-3.000940E-2	1.315360E-4	8.456600E+1	1.049940E+2	4.730000E+2
8.457100E+1	2.999000E-2	8.068080E-5	-3.000930E-2	1.327990E-4	8.457900E+1	1.049950E+2	4.760000E+2
8.458600E+1	2.999000E-2	7.753370E-5	-3.000960E-2	1.308680E-4	8.460000E+1	1.049980E+2	4.790000E+2
8.460900E+1	2.998980E-2	7.803440E-5	-3.000980E-2	1.339200E-4	8.461600E+1	1.049950E+2	4.820000E+2
8.462000E+1	2.998960E-2	7.932190E-5	-3.000970E-2	1.304860E-4	8.462900E+1	1.049950E+2	4.850000E+2
8.463200E+1	2.998950E-2	7.927420E-5	-3.000940E-2	1.300330E-4	8.464100E+1	1.050010E+2	4.880410E+2
8.465200E+1	2.998990E-2	7.991790E-5	-3.000960E-2	1.304390E-4	8.467100E+1	1.049980E+2	4.909990E+2
8.467600E+1	2.999000E-2	7.874970E-5	-3.000940E-2	1.305340E-4	8.469000E+1	1.049900E+2	4.940000E+2
8.470000E+1	2.999030E-2	7.772450E-5	-3.000980E-2	1.312260E-4	8.471200E+1	1.049910E+2	4.970010E+2
8.472100E+1	2.998990E-2	7.557870E-5	-3.000980E-2	1.251460E-4	8.473500E+1	1.049960E+2	5.000010E+2
8.475000E+1	2.998980E-2	7.526870E-5	-3.001000E-2	1.273870E-4	8.476600E+1	1.049980E+2	5.030000E+2
8.478000E+1	2.998960E-2	7.765290E-5	-3.000970E-2	1.320840E-4	8.479200E+1	1.049980E+2	5.060010E+2
8.480500E+1	2.998950E-2	8.082390E-5	-3.000990E-2	1.304630E-4	8.482400E+1	1.050040E+2	5.089990E+2
8.484000E+1	2.998960E-2	8.280280E-5	-3.000980E-2	1.325370E-4	8.485800E+1	1.050040E+2	5.120010E+2
8.488100E+1	2.998990E-2	7.991790E-5	-3.001000E-2	1.308920E-4	8.489900E+1	1.050030E+2	5.150000E+2
8.492300E+1	2.998950E-2	8.008480E-5	-3.000990E-2	1.292940E-4	8.494800E+1	1.050020E+2	5.180010E+2
8.497100E+1	2.998960E-2	7.898810E-5	-3.000980E-2	1.253840E-4	8.500100E+1	1.050020E+2	5.210410E+2
8.502700E+1	2.998990E-2	7.970330E-5	-3.000950E-2	1.310350E-4	8.505800E+1	1.050000E+2	5.239990E+2
8.508700E+1	2.998980E-2	7.898810E-5	-3.000940E-2	1.294610E-4	8.511900E+1	1.050020E+2	5.270000E+2
8.515200E+1	2.999010E-2	7.560250E-5	-3.000950E-2	1.270770E-4	8.518700E+1	1.050050E+2	5.300010E+2
8.521900E+1	2.998990E-2	7.994180E-5	-3.000970E-2	1.296760E-4	8.526000E+1	1.050040E+2	5.330000E+2
8.530100E+1	2.999030E-2	8.029940E-5	-3.000930E-2	1.286980E-4	8.534200E+1	1.049970E+2	5.360000E+2
8.538000E+1	2.999030E-2	8.122920E-5	-3.000960E-2	1.291040E-4	8.542800E+1	1.050010E+2	5.390000E+2
8.546600E+1	2.998990E-2	7.972720E-5	-3.000960E-2	1.290320E-4	8.551700E+1	1.050020E+2	5.419990E+2
8.556300E+1	2.998970E-2	7.946490E-5	-3.000980E-2	1.307730E-4	8.561800E+1	1.050040E+2	5.449990E+2
8.566400E+1	2.998970E-2	8.153920E-5	-3.000990E-2	1.322750E-4	8.572000E+1	1.050030E+2	5.480010E+2
8.577400E+1	2.998990E-2	7.994180E-5	-3.000980E-2	1.292230E-4	8.583400E+1	1.050040E+2	5.510000E+2
8.589100E+1	2.998980E-2	8.072850E-5	-3.000980E-2	1.296280E-4	8.596200E+1	1.050010E+2	5.540410E+2
8.602900E+1	2.999000E-2	7.996560E-5	-3.001030E-2	1.318690E-4	8.610100E+1	1.050010E+2	5.570000E+2
8.617100E+1	2.998970E-2	8.001330E-5	-3.001030E-2	1.299860E-4	8.625100E+1	1.050000E+2	5.600000E+2
8.632500E+1	2.998980E-2	8.003710E-5	-3.001000E-2	1.302240E-4	8.641200E+1	1.050090E+2	5.630000E+2
8.648900E+1	2.998980E-2	8.034710E-5	-3.001020E-2	1.280070E-4	8.657400E+1	1.050020E+2	5.659990E+2
8.665800E+1	2.998980E-2	8.261200E-5	-3.000990E-2	1.269340E-4	8.675300E+1	1.050070E+2	5.690000E+2
8.684000E+1	2.998960E-2	8.640290E-5	-3.001010E-2	1.329900E-4	8.693300E+1	1.050010E+2	5.720000E+2
8.702300E+1	2.998970E-2	8.432870E-5	-3.001010E-2	1.264570E-4	8.712100E+1	1.050090E+2	5.749990E+2
8.721000E+1	2.998980E-2	8.604530E-5	-3.001010E-2	1.279590E-4	8.730900E+1	1.049990E+2	5.780000E+2
8.740000E+1	2.998960E-2	8.511540E-5	-3.000970E-2	1.258850E-4	8.750400E+1	1.050030E+2	5.809990E+2
8.759200E+1	2.998960E-2	8.721350E-5	-3.000960E-2	1.273870E-4	8.769400E+1	1.050030E+2	5.840010E+2
8.778600E+1	2.998990E-2	8.652210E-5	-3.000990E-2	1.246690E-4	8.789000E+1	1.050050E+2	5.870400E+2
8.798200E+1	2.998960E-2	8.685590E-5	-3.000990E-2	1.210210E-4	8.807800E+1	1.050030E+2	5.900000E+2
8.817200E+1	2.998990E-2	8.268360E-5	-3.000980E-2	1.195910E-4	8.827100E+1	1.050040E+2	5.930000E+2
8.836100E+1	2.999020E-2	8.168220E-5	-3.000960E-2	1.142740E-4	8.846100E+1	1.050060E+2	5.959990E+2
8.855300E+1	2.998990E-2	8.096700E-5	-3.000990E-2	1.150850E-4	8.865500E+1	1.050050E+2	5.989990E+2
8.874900E+1	2.999010E-2	8.206370E-5	-3.000970E-2	1.112700E-4	8.884600E+1	1.050000E+2	6.019990E+2
8.893600E+1	2.998960E-2	8.199210E-5	-3.000980E-2	1.112700E-4	8.903800E+1	1.050000E+2	6.049990E+2
8.912600E+1	2.998950E-2	8.392330E-5	-3.000990E-2	1.147270E-4	8.922500E+1	1.049990E+2	6.080000E+2
8.931100E+1	2.998950E-2	8.587840E-5	-3.000960E-2	1.093860E-4	8.941300E+1	1.050050E+2	6.110010E+2
8.950300E+1	2.998980E-2	8.485320E-5	-3.000990E-2	1.108650E-4	8.960000E+1	1.050000E+2	6.140000E+2
8.968500E+1	2.998950E-2	8.463860E-5	-3.000960E-2	1.106020E-4	8.978000E+1	1.049940E+2	6.170000E+2
8.987000E+1	2.998950E-2	8.645060E-5	-3.000970E-2	1.062390E-4	8.996300E+1	1.049990E+2	6.200400E+2
9.004400E+1	2.998940E-2	8.318420E-5	-3.000970E-2	1.046900E-4	9.014100E+1	1.049970E+2	6.229990E+2
9.022200E+1	2.998970E-2	7.863050E-5	-3.001030E-2	1.048090E-4	9.031300E+1	1.049980E+2	6.260000E+2
9.039800E+1	2.998960E-2	8.258820E-5	-3.000990E-2	1.027580E-4	9.049100E+1	1.050020E+2	6.290010E+2
9.057000E+1	2.999000E-2	8.037090E-5	-3.000970E-2	9.956360E-5	9.065800E+1	1.049950E+2	6.320000E+2
9.073900E+1	2.999000E-2	8.046630E-5	-3.000990E-2	1.046660E-4	9.082600E+1	1.049960E+2	6.350000E+2
9.090200E+1	2.998960E-2	8.466240E-5	-3.001000E-2	9.996890E-5	9.098700E+1	1.049980E+2	6.380000E+2
9.106600E+1	2.998990E-2	8.320810E-5	-3.001020E-2	1.014470E-4	9.115200E+1	1.050010E+2	6.410000E+2
9.122800E+1	2.998950E-2	8.351800E-5	-3.001030E-2	1.006360E-4	9.130700E+1	1.049970E+2	6.440000E+2
9.138200E+1	2.998990E-2	8.330350E-5	-3.001000E-2	1.021620E-4	9.146600E+1	1.049960E+2	6.470010E+2
9.153600E+1	2.998970E-2	8.306500E-5	-3.000970E-2	9.903910E-5	9.162100E+1	1.049970E+2	6.500000E+2
9.169200E+1	2.999010E-2	8.528230E-5	-3.000970E-2	9.639260E-5	9.177100E+1	1.049980E+2	6.530400E+2
9.184300E+1	2.998990E-2	8.497240E-5	-3.000980E-2	9.872910E-5	9.192000E+1	1.049990E+2	6.560000E+2
9.199300E+1	2.999040E-2	9.100440E-5	-3.001020E-2	9.267330E-5	9.206800E+1	1.049960E+2	6.589990E+2
9.213700E+1	2.998980E-2	9.188650E-5	-3.000990E-2	9.186270E-5	9.220900E+1	1.049990E+2	6.620000E+2
9.227800E+1	2.999010E-2	9.541510E-5	-3.000970E-2	8.845330E-5	9.235600E+1	1.050010E+2	6.650000E+2
9.242500E+1	2.999000E-2	9.825230E-5	-3.000970E-2	8.099080E-5	9.249600E+1	1.049930E+2	6.679990E+2
9.256300E+1	2.998970E-2	1.023050E-4	-3.000990E-2	7.917880E-5	9.263300E+1	1.049960E+2	6.710010E+2
9.269900E+1	2.999000E-2	1.055960E-4	-3.000980E-2	7.152560E-5	9.277100E+1	1.049940E+2	6.740000E+2
9.283200E+1	2.999000E-2	1.159910E-4	-3.000950E-2	6.270410E-5	9.290700E+1	1.049940E+2	6.770010E+2
9.297000E+1	2.998990E-2	1.181840E-4	-3.001000E-2	5.848410E-5	9.304100E+1	1.049960E+2	6.800000E+2
9.310200E+1	2.999030E-2	1.298430E-4	-3.000960E-2	4.658700E-5	9.316700E+1	1.049980E+2	6.830010E+2
9.323100E+1	2.998980E-2	1.361610E-4	-3.001010E-2	3.826620E-5	9.330100E+1	1.049950E+2	6.860400E+2
9.335500E+1	2.998990E-2	1.482730E-4	-3.000990E-2	2.460480E-5	9.342400E+1	1.049960E+2	6.890000E+2
9.348200E+1	2.998960E-2	1.528500E-4	-3.001010E-2	1.947880E-5	9.355100E+1	1.049980E+2	6.920000E+2
9.360800E+1	2.998940E-2	1.633410E-4	-3.000950E-2	7.414820E-6	9.367400E+1	1.049940E+2	6.950000E+2
9.373400E+1	2.998970E-2	1.702070E-4	-3.000970E-2	-3.099440E-6	9.379500E+1	1.050010E+2	6.980010E+2
9.385200E+1	2.998950E-2	1.801010E-4	-3.000990E-2	-8.869170E-6	9.391700E+1	1.049990E+2	7.010000E+2
9.397400E+1	2.998970E-2	1.859900E-4	-3.000980E-2	-1.080040E-5	9.404100E+1	1.050000E+2	7.040000E+2
9.409800E+1	2.999010E-2	1.873970E-4	-3.000970E-2	-1.747610E-5	9.416100E+1	1.049980E+2	7.070000E+2
9.421500E+1	2.998940E-2	1.919980E-4	-3.000980E-2	-1.823900E-5	9.428100E+1	1.050010E+2	7.100000E+2
9.433400E+1	2.998970E-2	1.955510E-4	-3.000990E-2	-2.017020E-5	9.439700E+1	1.049980E+2	7.129990E+2
9.445400E+1	2.998960E-2	1.977920E-4	-3.001000E-2	-2.312660E-5	9.451800E+1	1.050010E+2	7.160010E+2
9.457400E+1	2.998990E-2	1.996040E-4	-3.000980E-2	-2.324580E-5	9.463900E+1	1.050000E+2	7.190410E+2
9.469000E+1	2.999010E-2	1.983640E-4	-3.000970E-2	-2.791880E-5	9.475300E+1	1.050010E+2	7.220000E+2
9.480900E+1	2.999000E-2	2.001290E-4	-3.000960E-2	-3.232960E-5	9.486500E+1	1.050000E+2	7.250000E+2
9.492400E+1	2.999000E-2	1.996990E-4	-3.000990E-2	-3.123280E-5	9.498000E+1	1.050010E+2	7.279990E+2
9.503800E+1	2.998990E-2	1.999140E-4	-3.000960E-2	-3.359320E-5	9.509400E+1	1.049980E+2	7.310000E+2
9.514500E+1	2.998980E-2	2.041340E-4	-3.000970E-2	-3.273490E-5	9.520300E+1	1.050000E+2	7.340010E+2
9.525700E+1	2.999000E-2	2.013920E-4	-3.001010E-2	-3.395080E-5	9.531700E+1	1.050000E+2	7.370000E+2
9.537000E+1	2.998980E-2	2.085210E-4	-3.001020E-2	-3.497600E-5	9.543100E+1	1.049970E+2	7.399990E+2
9.548000E+1	2.998980E-2	2.044920E-4	-3.001030E-2	-3.411770E-5	9.553900E+1	1.049960E+2	7.429990E+2
9.559000E+1	2.998970E-2	2.059460E-4	-3.001020E-2	-3.371240E-5	9.565100E+1	1.049950E+2	7.460000E+2
9.569800E+1	2.998970E-2	2.088070E-4	-3.001020E-2	-3.972050E-5	9.575300E+1	1.049950E+2	7.490010E+2
9.580700E+1	2.998970E-2	2.073050E-4	-3.000980E-2	-4.034040E-5	9.586600E+1	1.049930E+2	7.520400E+2
9.591300E+1	2.999000E-2	2.056840E-4	-3.000970E-2	-4.138950E-5	9.597300E+1	1.049970E+2	7.550010E+2
9.602400E+1	2.999010E-2	2.068040E-4	-3.000950E-2	-4.131790E-5	9.608200E+1	1.050010E+2	7.580000E+2
9.613300E+1	2.998970E-2	2.073050E-4	-3.000990E-2	-4.141330E-5	9.619200E+1	1.049990E+2	7.609990E+2
9.624300E+1	2.998960E-2	2.072570E-4	-3.000970E-2	-4.255770E-5	9.629900E+1	1.050000E+2	7.640010E+2
9.634800E+1	2.999000E-2	2.081160E-4	-3.000970E-2	-4.410740E-5	9.639900E+1	1.050030E+2	7.670010E+2
9.645100E+1	2.999000E-2	2.115490E-4	-3.000970E-2	-4.286770E-5	9.650400E+1	1.049990E+2	7.700000E+2
9.654900E+1	2.999010E-2	2.086640E-4	-3.000960E-2	-4.563330E-5	9.660200E+1	1.050020E+2	7.729990E+2
9.665500E+1	2.998990E-2	2.110000E-4	-3.000990E-2	-4.303460E-5	9.670200E+1	1.050010E+2	7.760010E+2
9.674900E+1	2.999010E-2	2.079730E-4	-3.000960E-2	-4.403590E-5	9.680000E+1	1.050020E+2	7.789990E+2
9.684300E+1	2.998940E-2	2.121210E-4	-3.001020E-2	-4.458430E-5	9.689600E+1	1.050040E+2	7.820000E+2
9.693700E+1	2.998950E-2	2.101900E-4	-3.000990E-2	-4.479890E-5	9.698300E+1	1.050000E+2	7.850000E+2
9.702600E+1	2.998960E-2	2.131460E-4	-3.001020E-2	-4.386900E-5	9.707800E+1	1.050050E+2	7.880010E+2
9.711900E+1	2.998940E-2	2.139330E-4	-3.001030E-2	-4.551410E-5	9.716600E+1	1.050040E+2	7.910000E+2
9.720800E+1	2.998980E-2	2.109770E-4	-3.000990E-2	-4.701610E-5	9.725300E+1	1.050060E+2	7.939990E+2
9.729700E+1	2.998970E-2	2.100230E-4	-3.000990E-2	-4.296300E-5	9.733600E+1	1.050050E+2	7.970010E+2
9.737900E+1	2.998970E-2	2.131940E-4	-3.000990E-2	-4.429820E-5	9.742400E+1	1.050010E+2	8.000400E+2
9.746100E+1	2.998980E-2	2.130510E-4	-3.000980E-2	-4.858970E-5	9.750100E+1	1.050070E+2	8.030000E+2
9.754100E+1	2.998990E-2	2.103810E-4	-3.000990E-2	-4.684930E-5	9.758800E+1	1.050060E+2	8.059990E+2
9.762200E+1	2.999010E-2	2.106430E-4	-3.001000E-2	-4.696850E-5	9.766500E+1	1.050040E+2	8.090010E+2
9.770300E+1	2.998980E-2	2.108340E-4	-3.001000E-2	-4.873280E-5	9.774000E+1	1.050060E+2	8.119990E+2
9.777800E+1	2.998980E-2	2.128840E-4	-3.000980E-2	-4.777910E-5	9.781900E+1	1.050080E+2	8.150040E+2
9.785500E+1	2.998960E-2	2.132650E-4	-3.000940E-2	-4.625320E-5	9.789600E+1	1.050060E+2	8.179990E+2
9.793200E+1	2.999010E-2	2.160550E-4	-3.000980E-2	-4.591940E-5	9.797000E+1	1.050060E+2	8.210000E+2
9.800600E+1	2.999010E-2	2.146240E-4	-3.000970E-2	-4.959110E-5	9.804500E+1	1.050060E+2	8.240000E+2
9.808300E+1	2.999010E-2	2.153160E-4	-3.000990E-2	-4.858970E-5	9.811900E+1	1.050010E+2	8.270010E+2
9.815300E+1	2.998990E-2	2.126460E-4	-3.000990E-2	-5.059240E-5	9.818800E+1	1.050000E+2	8.300010E+2
9.821900E+1	2.998980E-2	2.142910E-4	-3.000970E-2	-5.288120E-5	9.826400E+1	1.050040E+2	8.330410E+2
9.829400E+1	2.998990E-2	2.105470E-4	-3.001000E-2	-5.407330E-5	9.832800E+1	1.050030E+2	8.360000E+2
9.836200E+1	2.998970E-2	2.135750E-4	-3.001000E-2	-5.123620E-5	9.839900E+1	1.050040E+2	8.389990E+2
9.843000E+1	2.998990E-2	2.136470E-4	-3.000990E-2	-5.035400E-5	9.846300E+1	1.050040E+2	8.419990E+2
9.849800E+1	2.998980E-2	2.157690E-4	-3.000970E-2	-5.359650E-5	9.853600E+1	1.050000E+2	8.450010E+2
9.856200E+1	2.999010E-2	2.119060E-4	-3.000970E-2	-5.037780E-5	9.859700E+1	1.050010E+2	8.480010E+2
9.862700E+1	2.999000E-2	2.148390E-4	-3.000970E-2	-5.190370E-5	9.866000E+1	1.049980E+2	8.510010E+2
9.868900E+1	2.999030E-2	2.128360E-4	-3.000980E-2	-4.971030E-5	9.872300E+1	1.050000E+2	8.540000E+2
9.875300E+1	2.998980E-2	2.157450E-4	-3.000990E-2	-5.302430E-5	9.878500E+1	1.050000E+2	8.570010E+2
9.881500E+1	2.999010E-2	2.175090E-4	-3.001000E-2	-4.878040E-5	9.884600E+1	1.050000E+2	8.599990E+2
9.887400E+1	2.998980E-2	2.157690E-4	-3.001000E-2	-5.254750E-5	9.890500E+1	1.050010E+2	8.630000E+2
9.893300E+1	2.998960E-2	2.167700E-4	-3.000990E-2	-5.302430E-5	9.896600E+1	1.050040E+2	8.660400E+2
9.899200E+1	2.999000E-2	2.154590E-4	-3.001010E-2	-5.304810E-5	9.902100E+1	1.050030E+2	8.690010E+2
9.905000E+1	2.998980E-2	2.163650E-4	-3.000980E-2	-5.400180E-5	9.908300E+1	1.050000E+2	8.720010E+2
9.910700E+1	2.998940E-2	2.156500E-4	-3.001040E-2	-5.469320E-5	9.913800E+1	1.050060E+2	8.750010E+2
9.916700E+1	2.998960E-2	2.135750E-4	-3.001010E-2	-5.173680E-5	9.919800E+1	1.049980E+2	8.779990E+2
9.922100E+1	2.998950E-2	2.159120E-4	-3.001000E-2	-5.462170E-5	9.925300E+1	1.050000E+2	8.810010E+2
9.927400E+1	2.998990E-2	2.127650E-4	-3.001010E-2	-5.645750E-5	9.930500E+1	1.050020E+2	8.839990E+2
9.932900E+1	2.998960E-2	2.152920E-4	-3.001030E-2	-5.633830E-5	9.935600E+1	1.050020E+2	8.870000E+2
9.938200E+1	2.998960E-2	2.168660E-4	-3.001010E-2	-5.733970E-5	9.940900E+1	1.049990E+2	8.900000E+2
9.943100E+1	2.998970E-2	2.172950E-4	-3.000990E-2	-5.774500E-5	9.946000E+1	1.050010E+2	8.930000E+2
9.948200E+1	2.999000E-2	2.167700E-4	-3.000970E-2	-5.540850E-5	9.951200E+1	1.050040E+2	8.960000E+2
9.953600E+1	2.998990E-2	2.149110E-4	-3.000980E-2	-5.731580E-5	9.956300E+1	1.050030E+2	8.990400E+2
9.958300E+1	2.999000E-2	2.130750E-4	-3.000950E-2	-5.817410E-5	9.961200E+1	1.050000E+2	9.019990E+2
9.963400E+1	2.998970E-2	2.136710E-4	-3.000970E-2	-5.750660E-5	9.966300E+1	1.050030E+2	9.050000E+2
9.968500E+1	2.998940E-2	2.160070E-4	-3.000960E-2	-6.027220E-5	9.971000E+1	1.050000E+2	9.079990E+2
9.973100E+1	2.998940E-2	2.207040E-4	-3.000980E-2	-5.993840E-5	9.975700E+1	1.050000E+2	9.109990E+2
9.977700E+1	2.998980E-2	2.153400E-4	-3.000950E-2	-5.774500E-5	9.980200E+1	1.049990E+2	9.140000E+2
9.982500E+1	2.998950E-2	2.127170E-4	-3.000980E-2	-5.562310E-5	9.984800E+1	1.050050E+2	9.170000E+2
9.987000E+1	2.998920E-2	2.155780E-4	-3.000990E-2	-5.383490E-5	9.989500E+1	1.050090E+2	9.199990E+2
9.992000E+1	2.998950E-2	2.203940E-4	-3.000990E-2	-5.509850E-5	9.994200E+1	1.050030E+2	9.230010E+2
9.995800E+1	2.998960E-2	2.152440E-4	-3.001020E-2	-5.955700E-5	9.998300E+1	1.050030E+2	9.260010E+2
1.000090E+2	2.998970E-2	2.185110E-4	-3.001020E-2	-5.660060E-5	1.000300E+2	1.050090E+2	9.289990E+2
1.000480E+2	2.998950E-2	2.209190E-4	-3.000970E-2	-5.846020E-5	1.000740E+2	1.050100E+2	9.320410E+2
1.000920E+2	2.998970E-2	2.170090E-4	-3.000990E-2	-6.036760E-5	1.001110E+2	1.050080E+2	9.350000E+2
1.001360E+2	2.998950E-2	2.156970E-4	-3.000990E-2	-5.764960E-5	1.001580E+2	1.050040E+2	9.380000E+2
1.001770E+2	2.998970E-2	2.162460E-4	-3.001000E-2	-6.012920E-5	1.001980E+2	1.050080E+2	9.410000E+2
1.002190E+2	2.998950E-2	2.154830E-4	-3.001000E-2	-5.729200E-5	1.002370E+2	1.050070E+2	9.440000E+2
