The operator was: Kevin
The sample measure was: YBCO
The sample was biased using: 30E-3 Amps
Comments:
w'th magneic field

Tbefore	        I+	        V+	        I-	        V-	        Tafter	        Tbase	        Time
7.793400E+1	2.998990E-2	5.309580E-5	-3.001040E-2	1.017570E-4	7.793200E+1	7.971800E+1	1.900000E+1
7.792500E+1	2.998970E-2	5.185600E-5	-3.001030E-2	1.024010E-4	7.792200E+1	7.967800E+1	2.199900E+1
7.791500E+1	2.998970E-2	5.033020E-5	-3.001030E-2	1.014710E-4	7.791000E+1	7.964100E+1	2.499900E+1
7.790200E+1	2.998990E-2	5.190370E-5	-3.001040E-2	1.003500E-4	7.790100E+1	7.961400E+1	2.798900E+1
7.789700E+1	2.998980E-2	5.152230E-5	-3.001020E-2	1.037600E-4	7.789100E+1	7.958900E+1	3.099000E+1
7.788600E+1	2.998970E-2	5.087850E-5	-3.000980E-2	1.008750E-4	7.787700E+1	8.048500E+1	3.403000E+1
7.787800E+1	2.998990E-2	4.918580E-5	-3.000980E-2	1.026150E-4	7.787500E+1	8.095500E+1	3.698900E+1
7.787400E+1	2.998980E-2	5.171300E-5	-3.000970E-2	1.021390E-4	7.788200E+1	8.124600E+1	4.000000E+1
7.788400E+1	2.998960E-2	4.851820E-5	-3.001000E-2	1.007080E-4	7.788300E+1	8.149700E+1	4.298900E+1
7.789000E+1	2.998960E-2	4.940030E-5	-3.001020E-2	1.014710E-4	7.788800E+1	8.167400E+1	4.600000E+1
7.789300E+1	2.998950E-2	5.030630E-5	-3.001010E-2	9.884830E-5	7.789700E+1	8.177700E+1	4.898900E+1
7.790200E+1	2.998940E-2	5.304810E-5	-3.001030E-2	1.017090E-4	7.790900E+1	8.203000E+1	5.199000E+1
7.790500E+1	2.998940E-2	5.137920E-5	-3.001050E-2	1.045470E-4	7.791200E+1	8.240600E+1	5.500000E+1
7.791400E+1	2.998930E-2	5.073550E-5	-3.001060E-2	1.025920E-4	7.792400E+1	8.281000E+1	5.800000E+1
7.792800E+1	2.998930E-2	5.064010E-5	-3.001030E-2	1.033310E-4	7.793400E+1	8.324000E+1	6.100000E+1
7.793800E+1	2.998960E-2	5.199910E-5	-3.001020E-2	1.027580E-4	7.794800E+1	8.367100E+1	6.399900E+1
7.795300E+1	2.998940E-2	5.164150E-5	-3.001030E-2	1.008990E-4	7.796200E+1	8.410500E+1	6.703000E+1
7.797200E+1	2.998990E-2	5.114080E-5	-3.001020E-2	1.034980E-4	7.798400E+1	8.452400E+1	7.000000E+1
7.799400E+1	2.998970E-2	4.973410E-5	-3.001010E-2	1.043800E-4	7.800600E+1	8.494700E+1	7.299000E+1
7.801700E+1	2.998980E-2	5.166530E-5	-3.001030E-2	1.026390E-4	7.803100E+1	8.535400E+1	7.600000E+1
7.805000E+1	2.999010E-2	5.459790E-5	-3.001040E-2	1.015420E-4	7.806600E+1	8.570000E+1	7.900000E+1
7.808500E+1	2.998980E-2	4.923340E-5	-3.000990E-2	1.014950E-4	7.810700E+1	8.592300E+1	8.200000E+1
7.812500E+1	2.999010E-2	4.887580E-5	-3.000970E-2	1.041170E-4	7.814500E+1	8.610700E+1	8.500000E+1
7.817000E+1	2.998980E-2	5.431180E-5	-3.000990E-2	1.061200E-4	7.819000E+1	8.632000E+1	8.798900E+1
7.821800E+1	2.998980E-2	5.397800E-5	-3.001010E-2	1.061200E-4	7.824600E+1	8.649200E+1	9.100000E+1
7.827100E+1	2.998980E-2	5.297660E-5	-3.001010E-2	1.073120E-4	7.830100E+1	8.662600E+1	9.399000E+1
7.833200E+1	2.998960E-2	5.559920E-5	-3.000980E-2	1.046660E-4	7.836700E+1	8.678000E+1	9.700000E+1
7.839800E+1	2.998970E-2	5.381110E-5	-3.000980E-2	1.016620E-4	7.843800E+1	8.691500E+1	1.000300E+2
7.847100E+1	2.999010E-2	5.486010E-5	-3.000970E-2	1.050470E-4	7.851500E+1	8.704200E+1	1.029900E+2
7.854600E+1	2.998970E-2	5.450250E-5	-3.000970E-2	1.061440E-4	7.858800E+1	8.715700E+1	1.060000E+2
7.862500E+1	2.998990E-2	5.321500E-5	-3.000990E-2	1.037120E-4	7.866800E+1	8.722800E+1	1.089900E+2
7.870200E+1	2.998970E-2	5.257130E-5	-3.001000E-2	1.039030E-4	7.874600E+1	8.723900E+1	1.119900E+2
7.878700E+1	2.998950E-2	5.414490E-5	-3.001020E-2	1.050950E-4	7.882800E+1	8.722600E+1	1.149900E+2
7.886500E+1	2.998920E-2	5.581380E-5	-3.001070E-2	1.058580E-4	7.890900E+1	8.721200E+1	1.179900E+2
7.894500E+1	2.998920E-2	5.483630E-5	-3.001030E-2	1.062390E-4	7.898600E+1	8.719300E+1	1.209900E+2
7.902400E+1	2.998910E-2	5.791190E-5	-3.001050E-2	1.083850E-4	7.905800E+1	8.718700E+1	1.239900E+2
7.909200E+1	2.998930E-2	5.517010E-5	-3.001060E-2	1.059530E-4	7.913200E+1	8.719600E+1	1.270000E+2
7.916200E+1	2.998930E-2	5.490780E-5	-3.001030E-2	1.055480E-4	7.919400E+1	8.720700E+1	1.299900E+2
7.922700E+1	2.998980E-2	5.357270E-5	-3.000950E-2	1.053570E-4	7.926100E+1	8.721300E+1	1.330310E+2
7.929100E+1	2.998980E-2	5.447860E-5	-3.000990E-2	1.043080E-4	7.932600E+1	8.719600E+1	1.359910E+2
7.935300E+1	2.999010E-2	5.295280E-5	-3.000940E-2	1.045470E-4	7.938300E+1	8.717600E+1	1.389900E+2
7.941200E+1	2.998970E-2	5.624290E-5	-3.000940E-2	1.037120E-4	7.943800E+1	8.716500E+1	1.419900E+2
7.946500E+1	2.998990E-2	5.266670E-5	-3.000930E-2	1.046180E-4	7.949700E+1	8.715800E+1	1.449900E+2
7.952200E+1	2.998990E-2	5.390640E-5	-3.000970E-2	1.059770E-4	7.955100E+1	8.715600E+1	1.480000E+2
7.956700E+1	2.999000E-2	5.180840E-5	-3.001010E-2	1.059290E-4	7.959700E+1	8.716300E+1	1.509890E+2
7.961900E+1	2.998950E-2	5.762580E-5	-3.000990E-2	1.072410E-4	7.964700E+1	8.721200E+1	1.540010E+2
7.966600E+1	2.998920E-2	5.331040E-5	-3.001000E-2	1.053570E-4	7.969000E+1	8.727100E+1	1.569910E+2
7.971400E+1	2.998960E-2	5.371570E-5	-3.001030E-2	1.050000E-4	7.974100E+1	8.732600E+1	1.600000E+2
7.975900E+1	2.998950E-2	5.259510E-5	-3.001000E-2	1.067640E-4	7.978300E+1	8.738500E+1	1.629900E+2
7.980200E+1	2.998990E-2	5.548000E-5	-3.000980E-2	1.028780E-4	7.982800E+1	8.743900E+1	1.660300E+2
7.985100E+1	2.999000E-2	5.397800E-5	-3.000970E-2	1.030210E-4	7.987500E+1	8.748900E+1	1.689900E+2
7.989700E+1	2.999000E-2	5.319120E-5	-3.000990E-2	1.047370E-4	7.991900E+1	8.755500E+1	1.719910E+2
7.994400E+1	2.998950E-2	5.373950E-5	-3.000990E-2	1.024720E-4	7.996700E+1	8.762200E+1	1.749900E+2
7.998700E+1	2.998970E-2	5.364420E-5	-3.001000E-2	1.040460E-4	8.001900E+1	8.770300E+1	1.779910E+2
8.004300E+1	2.998950E-2	5.426410E-5	-3.001020E-2	1.018290E-4	8.006600E+1	8.776000E+1	1.809900E+2
8.008900E+1	2.998960E-2	5.393030E-5	-3.000980E-2	1.032590E-4	8.011900E+1	8.782300E+1	1.839900E+2
8.014000E+1	2.998980E-2	5.345340E-5	-3.001000E-2	1.061200E-4	8.016700E+1	8.786900E+1	1.869900E+2
8.019200E+1	2.998960E-2	5.457400E-5	-3.001010E-2	1.056910E-4	8.021900E+1	8.793300E+1	1.899900E+2
8.024500E+1	2.998940E-2	5.331040E-5	-3.000990E-2	1.029970E-4	8.027400E+1	8.797100E+1	1.929900E+2
8.030100E+1	2.998950E-2	5.359650E-5	-3.001000E-2	1.072650E-4	8.032600E+1	8.805500E+1	1.959900E+2
8.035200E+1	2.998960E-2	5.266670E-5	-3.001040E-2	1.008030E-4	8.038000E+1	8.812900E+1	1.990300E+2
8.040500E+1	2.998960E-2	5.304810E-5	-3.001020E-2	1.003980E-4	8.043400E+1	8.819500E+1	2.020000E+2
8.046200E+1	2.998980E-2	5.176070E-5	-3.001030E-2	1.038550E-4	8.049000E+1	8.826400E+1	2.049890E+2
8.051400E+1	2.998940E-2	5.276200E-5	-3.001020E-2	1.020910E-4	8.054700E+1	8.833100E+1	2.079900E+2
8.057200E+1	2.998950E-2	5.071160E-5	-3.001020E-2	1.039980E-4	8.059900E+1	8.838900E+1	2.110010E+2
8.062700E+1	2.998960E-2	5.395410E-5	-3.001010E-2	1.081470E-4	8.065600E+1	8.844700E+1	2.139900E+2
8.068100E+1	2.998930E-2	5.514620E-5	-3.000970E-2	1.058340E-4	8.071300E+1	8.850700E+1	2.169890E+2
8.073700E+1	2.998930E-2	5.471710E-5	-3.000990E-2	1.066680E-4	8.076800E+1	8.857100E+1	2.200000E+2
8.079500E+1	2.998970E-2	5.469320E-5	-3.000990E-2	1.061440E-4	8.082200E+1	8.861900E+1	2.229910E+2
8.085200E+1	2.998930E-2	5.450250E-5	-3.000970E-2	1.034500E-4	8.088200E+1	8.867600E+1	2.259900E+2
8.090700E+1	2.998960E-2	5.319120E-5	-3.000990E-2	1.039740E-4	8.093600E+1	8.874000E+1	2.289900E+2
8.096300E+1	2.998940E-2	5.335810E-5	-3.001010E-2	1.051660E-4	8.099800E+1	8.880400E+1	2.320310E+2
8.102200E+1	2.998960E-2	5.345340E-5	-3.001020E-2	1.036410E-4	8.105300E+1	8.888100E+1	2.349900E+2
8.108300E+1	2.998960E-2	5.402570E-5	-3.000990E-2	1.040700E-4	8.110400E+1	8.894000E+1	2.379900E+2
8.113500E+1	2.999000E-2	5.111690E-5	-3.001000E-2	1.081230E-4	8.116500E+1	8.899500E+1	2.409900E+2
8.119500E+1	2.998960E-2	5.512240E-5	-3.001010E-2	1.037360E-4	8.122200E+1	8.906300E+1	2.439890E+2
8.125200E+1	2.998970E-2	5.495550E-5	-3.001010E-2	1.028060E-4	8.128200E+1	8.912100E+1	2.469910E+2
8.131100E+1	2.998960E-2	5.578990E-5	-3.000990E-2	1.061680E-4	8.133600E+1	8.920000E+1	2.499900E+2
8.136200E+1	2.998940E-2	5.290510E-5	-3.001020E-2	1.055960E-4	8.139800E+1	8.926600E+1	2.529890E+2
8.142800E+1	2.998980E-2	5.407330E-5	-3.001030E-2	1.040460E-4	8.145800E+1	8.932800E+1	2.560010E+2
8.148300E+1	2.998980E-2	5.290510E-5	-3.001020E-2	1.032350E-4	8.151600E+1	8.939800E+1	2.589910E+2
8.154200E+1	2.998970E-2	5.319120E-5	-3.001040E-2	1.053810E-4	8.157600E+1	8.946300E+1	2.619900E+2
8.159800E+1	2.998970E-2	5.388260E-5	-3.000980E-2	1.050950E-4	8.163200E+1	8.952600E+1	2.650300E+2
8.166100E+1	2.998950E-2	5.459790E-5	-3.001000E-2	1.008510E-4	8.169100E+1	8.957400E+1	2.679910E+2
8.172200E+1	2.998960E-2	5.197530E-5	-3.000990E-2	1.002070E-4	8.175200E+1	8.964300E+1	2.709900E+2
8.177900E+1	2.998950E-2	5.345340E-5	-3.000990E-2	1.041650E-4	8.180900E+1	8.971600E+1	2.739900E+2
8.184000E+1	2.999000E-2	5.261900E-5	-3.000970E-2	1.027110E-4	8.187100E+1	8.977800E+1	2.769900E+2
8.189900E+1	2.998980E-2	5.290510E-5	-3.000980E-2	1.036640E-4	8.193200E+1	8.984300E+1	2.799890E+2
8.195900E+1	2.998970E-2	5.333420E-5	-3.000950E-2	1.046900E-4	8.199000E+1	8.990300E+1	2.829890E+2
8.202300E+1	2.998970E-2	5.388260E-5	-3.000960E-2	1.030680E-4	8.205000E+1	8.996200E+1	2.859900E+2
8.207900E+1	2.999000E-2	5.235670E-5	-3.000980E-2	1.066920E-4	8.211200E+1	9.002400E+1	2.889900E+2
8.213800E+1	2.998970E-2	5.726810E-5	-3.001000E-2	1.021620E-4	8.217500E+1	9.009400E+1	2.919900E+2
8.220200E+1	2.999010E-2	5.421640E-5	-3.001000E-2	1.039510E-4	8.223400E+1	9.015700E+1	2.949890E+2
8.226300E+1	2.998990E-2	5.202290E-5	-3.000970E-2	1.047610E-4	8.229700E+1	9.022000E+1	2.980290E+2
8.232600E+1	2.999000E-2	5.192760E-5	-3.000970E-2	1.024720E-4	8.235700E+1	9.028100E+1	3.009890E+2
8.238600E+1	2.999010E-2	5.548000E-5	-3.000970E-2	1.026870E-4	8.242000E+1	9.035400E+1	3.039900E+2
8.244600E+1	2.998980E-2	5.204680E-5	-3.001000E-2	1.017090E-4	8.248100E+1	9.039800E+1	3.069900E+2
8.250800E+1	2.998960E-2	5.414490E-5	-3.000970E-2	1.012090E-4	8.254500E+1	9.045300E+1	3.099910E+2
8.257400E+1	2.998980E-2	5.171300E-5	-3.000960E-2	1.008510E-4	8.260300E+1	9.050500E+1	3.129910E+2
8.263500E+1	2.998980E-2	5.440710E-5	-3.000990E-2	1.018050E-4	8.266300E+1	9.057100E+1	3.159900E+2
8.269200E+1	2.998960E-2	5.691050E-5	-3.000990E-2	1.010660E-4	8.272600E+1	9.063300E+1	3.189900E+2
8.275400E+1	2.999000E-2	5.373950E-5	-3.000970E-2	1.033310E-4	8.278600E+1	9.069300E+1	3.219910E+2
8.281400E+1	2.998990E-2	5.357270E-5	-3.000970E-2	1.004220E-4	8.284900E+1	9.076300E+1	3.249900E+2
8.287800E+1	2.999000E-2	5.280970E-5	-3.001000E-2	1.037600E-4	8.290800E+1	9.082800E+1	3.279910E+2
8.293700E+1	2.998970E-2	5.428790E-5	-3.001000E-2	1.004220E-4	8.297000E+1	9.087400E+1	3.310290E+2
8.300000E+1	2.998990E-2	5.216600E-5	-3.001010E-2	1.011610E-4	8.303000E+1	9.090700E+1	3.339910E+2
8.305500E+1	2.999000E-2	5.397800E-5	-3.001000E-2	1.015660E-4	8.309100E+1	9.096100E+1	3.369900E+2
8.312000E+1	2.998990E-2	5.514620E-5	-3.001020E-2	1.006360E-4	8.315400E+1	9.103300E+1	3.399910E+2
8.317900E+1	2.998980E-2	5.443100E-5	-3.000990E-2	1.012560E-4	8.321400E+1	9.111100E+1	3.429900E+2
8.324100E+1	2.998980E-2	5.698200E-5	-3.000980E-2	1.020190E-4	8.327200E+1	9.117500E+1	3.459910E+2
8.330100E+1	2.999010E-2	5.414490E-5	-3.000980E-2	1.055960E-4	8.333300E+1	9.122900E+1	3.489890E+2
8.336100E+1	2.998990E-2	5.776880E-5	-3.001000E-2	1.050710E-4	8.339600E+1	9.130600E+1	3.519910E+2
8.342300E+1	2.998980E-2	5.681510E-5	-3.000990E-2	1.018520E-4	8.345500E+1	9.135800E+1	3.549900E+2
8.348400E+1	2.999000E-2	5.362030E-5	-3.001000E-2	1.055000E-4	8.351900E+1	9.143100E+1	3.579910E+2
8.354500E+1	2.998980E-2	5.671980E-5	-3.001010E-2	1.045230E-4	8.357800E+1	9.149000E+1	3.609900E+2
8.360700E+1	2.998960E-2	6.034370E-5	-3.001020E-2	1.034980E-4	8.363800E+1	9.154600E+1	3.640310E+2
8.366800E+1	2.998970E-2	5.545620E-5	-3.001030E-2	1.003500E-4	8.370000E+1	9.160200E+1	3.669890E+2
8.372700E+1	2.998990E-2	5.624290E-5	-3.001010E-2	1.008270E-4	8.375700E+1	9.165500E+1	3.699910E+2
8.378600E+1	2.998970E-2	5.617140E-5	-3.001000E-2	1.033070E-4	8.382000E+1	9.171800E+1	3.729900E+2
8.384700E+1	2.998950E-2	5.426410E-5	-3.001000E-2	9.899140E-5	8.387900E+1	9.176200E+1	3.759900E+2
8.390800E+1	2.998970E-2	5.211830E-5	-3.001020E-2	1.033780E-4	8.394000E+1	9.182000E+1	3.789900E+2
8.397000E+1	2.998940E-2	5.593300E-5	-3.001000E-2	9.851460E-5	8.400400E+1	9.188000E+1	3.819900E+2
8.402900E+1	2.998930E-2	5.373950E-5	-3.000990E-2	1.034020E-4	8.406100E+1	9.193100E+1	3.849910E+2
8.409100E+1	2.998970E-2	5.486010E-5	-3.001010E-2	1.035450E-4	8.412200E+1	9.199400E+1	3.879900E+2
8.415000E+1	2.998970E-2	5.700590E-5	-3.001010E-2	1.033540E-4	8.418000E+1	9.204100E+1	3.909900E+2
8.420800E+1	2.998950E-2	5.559920E-5	-3.000990E-2	1.025200E-4	8.424500E+1	9.210200E+1	3.939900E+2
8.426900E+1	2.998950E-2	5.490780E-5	-3.000990E-2	1.030210E-4	8.430600E+1	9.216800E+1	3.970300E+2
8.433200E+1	2.998940E-2	5.545620E-5	-3.000940E-2	1.016620E-4	8.436300E+1	9.221400E+1	3.999910E+2
8.439000E+1	2.998960E-2	5.776880E-5	-3.000960E-2	1.007800E-4	8.442400E+1	9.225200E+1	4.029910E+2
8.445300E+1	2.998990E-2	5.445480E-5	-3.000970E-2	1.024250E-4	8.448400E+1	9.232300E+1	4.059910E+2
8.450900E+1	2.998990E-2	5.762580E-5	-3.000980E-2	1.009230E-4	8.454300E+1	9.237800E+1	4.089900E+2
8.456600E+1	2.998930E-2	5.528930E-5	-3.000970E-2	1.011610E-4	8.459700E+1	9.244000E+1	4.119910E+2
8.463000E+1	2.998950E-2	5.776880E-5	-3.000990E-2	1.017090E-4	8.466000E+1	9.249400E+1	4.149900E+2
8.468800E+1	2.998930E-2	5.800720E-5	-3.000980E-2	1.015420E-4	8.471500E+1	9.255300E+1	4.179890E+2
8.474600E+1	2.998960E-2	5.676750E-5	-3.000980E-2	1.013520E-4	8.477500E+1	9.263600E+1	4.209900E+2
8.480700E+1	2.998960E-2	5.977150E-5	-3.000990E-2	1.030680E-4	8.483700E+1	9.267800E+1	4.239900E+2
8.486600E+1	2.998940E-2	5.874630E-5	-3.000970E-2	1.008990E-4	8.489400E+1	9.276000E+1	4.269900E+2
8.492600E+1	2.998980E-2	5.831720E-5	-3.000960E-2	1.022340E-4	8.495100E+1	9.281400E+1	4.300300E+2
8.498200E+1	2.998980E-2	5.512240E-5	-3.000970E-2	9.965900E-5	8.501400E+1	9.286400E+1	4.329890E+2
8.504200E+1	2.998950E-2	5.850790E-5	-3.000980E-2	1.007080E-4	8.507200E+1	9.291900E+1	4.359890E+2
8.510100E+1	2.998950E-2	5.619530E-5	-3.000990E-2	9.844300E-5	8.513000E+1	9.295300E+1	4.389900E+2
8.515800E+1	2.998980E-2	5.648140E-5	-3.001000E-2	1.024720E-4	8.518800E+1	9.299300E+1	4.419890E+2
8.521900E+1	2.998960E-2	5.877020E-5	-3.000980E-2	1.011610E-4	8.524800E+1	9.307600E+1	4.449910E+2
8.527700E+1	2.998920E-2	5.795960E-5	-3.001020E-2	9.992120E-5	8.530900E+1	9.310800E+1	4.479890E+2
8.533700E+1	2.998960E-2	5.745890E-5	-3.001020E-2	9.906290E-5	8.536600E+1	9.315800E+1	4.509900E+2
8.539400E+1	2.998960E-2	5.769730E-5	-3.001000E-2	9.987350E-5	8.542700E+1	9.321600E+1	4.539900E+2
8.545200E+1	2.998920E-2	5.984310E-5	-3.001020E-2	9.982590E-5	8.548100E+1	9.328400E+1	4.569900E+2
8.551200E+1	2.998940E-2	6.091590E-5	-3.001000E-2	9.720330E-5	8.553700E+1	9.332400E+1	4.599890E+2
8.556600E+1	2.998960E-2	5.891320E-5	-3.001020E-2	9.851460E-5	8.559700E+1	9.338000E+1	4.630310E+2
8.562000E+1	2.998960E-2	5.791190E-5	-3.000970E-2	9.782310E-5	8.565300E+1	9.344600E+1	4.659890E+2
8.567900E+1	2.998970E-2	5.817410E-5	-3.000960E-2	1.018050E-4	8.570600E+1	9.349100E+1	4.689900E+2
8.573500E+1	2.998980E-2	6.172660E-5	-3.000980E-2	1.019950E-4	8.576400E+1	9.355700E+1	4.719890E+2
8.579700E+1	2.999010E-2	5.869870E-5	-3.000990E-2	9.593960E-5	8.582200E+1	9.361100E+1	4.749900E+2
8.584900E+1	2.998990E-2	6.022450E-5	-3.001010E-2	9.388920E-5	8.587800E+1	9.368400E+1	4.779890E+2
8.590900E+1	2.998960E-2	6.020070E-5	-3.000980E-2	9.763240E-5	8.593500E+1	9.373100E+1	4.809910E+2
8.596200E+1	2.998990E-2	5.977150E-5	-3.000970E-2	1.013040E-4	8.599300E+1	9.379500E+1	4.839910E+2
8.601900E+1	2.999000E-2	6.036760E-5	-3.000960E-2	9.951590E-5	8.605200E+1	9.385700E+1	4.869890E+2
8.608000E+1	2.998980E-2	6.239410E-5	-3.000930E-2	9.887220E-5	8.610700E+1	9.390900E+1	4.899910E+2
8.613800E+1	2.999000E-2	6.158350E-5	-3.000940E-2	1.002790E-4	8.616300E+1	9.397100E+1	4.929890E+2
8.619400E+1	2.998980E-2	6.070140E-5	-3.000960E-2	9.937290E-5	8.622200E+1	9.403100E+1	4.960310E+2
8.624800E+1	2.998970E-2	5.986690E-5	-3.000960E-2	9.884830E-5	8.627800E+1	9.408900E+1	4.989900E+2
8.630800E+1	2.998960E-2	6.017690E-5	-3.000990E-2	9.665490E-5	8.633500E+1	9.414300E+1	5.019910E+2
8.636400E+1	2.998970E-2	5.867480E-5	-3.001020E-2	9.548660E-5	8.639200E+1	9.419800E+1	5.049910E+2
8.641900E+1	2.998950E-2	5.970000E-5	-3.001010E-2	9.956360E-5	8.644700E+1	9.425600E+1	5.079910E+2
8.647700E+1	2.998970E-2	6.022450E-5	-3.000990E-2	9.806160E-5	8.650900E+1	9.431700E+1	5.109910E+2
8.653300E+1	2.998970E-2	5.729200E-5	-3.001020E-2	9.851460E-5	8.656400E+1	9.437700E+1	5.139910E+2
8.658900E+1	2.998950E-2	6.074910E-5	-3.001040E-2	9.715560E-5	8.661900E+1	9.440200E+1	5.169900E+2
8.664800E+1	2.998980E-2	6.089210E-5	-3.001010E-2	9.753700E-5	8.667300E+1	9.444700E+1	5.199900E+2
8.670500E+1	2.998970E-2	6.113050E-5	-3.001040E-2	9.710790E-5	8.672900E+1	9.449900E+1	5.229910E+2
8.675500E+1	2.998960E-2	6.330010E-5	-3.001000E-2	9.577270E-5	8.678700E+1	9.455800E+1	5.259910E+2
8.681400E+1	2.998950E-2	5.993840E-5	-3.000990E-2	9.195800E-5	8.684300E+1	9.461100E+1	5.290310E+2
8.687000E+1	2.998970E-2	6.179810E-5	-3.001030E-2	9.529590E-5	8.690200E+1	9.466900E+1	5.319900E+2
8.692300E+1	2.998980E-2	6.089210E-5	-3.001040E-2	9.644030E-5	8.695400E+1	9.472600E+1	5.349900E+2
8.698300E+1	2.998960E-2	6.182190E-5	-3.001020E-2	9.226800E-5	8.701000E+1	9.478800E+1	5.379910E+2
8.703700E+1	2.998950E-2	6.117820E-5	-3.001030E-2	9.441380E-5	8.706700E+1	9.484100E+1	5.409900E+2
8.709000E+1	2.998960E-2	5.941390E-5	-3.001010E-2	9.553430E-5	8.712100E+1	9.489800E+1	5.439900E+2
8.714900E+1	2.998980E-2	6.201270E-5	-3.000990E-2	9.820460E-5	8.717300E+1	9.495200E+1	5.469900E+2
8.720300E+1	2.998970E-2	6.203650E-5	-3.001030E-2	9.701250E-5	8.723300E+1	9.500000E+1	5.499890E+2
8.725800E+1	2.998950E-2	6.406310E-5	-3.001030E-2	9.684560E-5	8.728800E+1	9.505800E+1	5.529910E+2
8.731400E+1	2.998920E-2	6.577970E-5	-3.001010E-2	9.496210E-5	8.733900E+1	9.510400E+1	5.559900E+2
8.737100E+1	2.998970E-2	6.051060E-5	-3.001010E-2	9.379390E-5	8.739700E+1	9.515000E+1	5.589890E+2
8.742400E+1	2.998930E-2	6.303790E-5	-3.001000E-2	9.181500E-5	8.745400E+1	9.519300E+1	5.620310E+2
8.747800E+1	2.998940E-2	6.182190E-5	-3.001030E-2	9.002690E-5	8.750700E+1	9.523000E+1	5.649890E+2
8.753200E+1	2.998920E-2	5.950930E-5	-3.001010E-2	9.193420E-5	8.756500E+1	9.530100E+1	5.679910E+2
8.758600E+1	2.998920E-2	6.253720E-5	-3.000990E-2	9.431840E-5	8.761500E+1	9.535300E+1	5.709910E+2
8.764300E+1	2.998930E-2	6.530280E-5	-3.001010E-2	9.341240E-5	8.767400E+1	9.537900E+1	5.739900E+2
8.769600E+1	2.998930E-2	6.346700E-5	-3.001030E-2	9.136200E-5	8.772600E+1	9.545300E+1	5.769900E+2
8.775100E+1	2.998930E-2	6.318090E-5	-3.001020E-2	9.434220E-5	8.778100E+1	9.552000E+1	5.799890E+2
8.780500E+1	2.998930E-2	6.282330E-5	-3.000990E-2	9.303090E-5	8.783200E+1	9.558200E+1	5.829900E+2
8.785700E+1	2.998920E-2	6.182190E-5	-3.001000E-2	9.539130E-5	8.788900E+1	9.563600E+1	5.859890E+2
8.791400E+1	2.998970E-2	6.105900E-5	-3.000950E-2	9.088520E-5	8.794300E+1	9.566000E+1	5.889910E+2
8.796500E+1	2.998950E-2	6.129740E-5	-3.001020E-2	9.083750E-5	8.799300E+1	9.568300E+1	5.919910E+2
8.802300E+1	2.998970E-2	6.158350E-5	-3.001010E-2	9.126660E-5	8.804800E+1	9.571300E+1	5.950300E+2
8.807300E+1	2.998930E-2	6.413460E-5	-3.001020E-2	8.914470E-5	8.810200E+1	9.576000E+1	5.979900E+2
8.812900E+1	2.998930E-2	6.124970E-5	-3.001010E-2	9.047990E-5	8.815100E+1	9.583100E+1	6.009900E+2
8.817900E+1	2.998930E-2	6.287100E-5	-3.001030E-2	8.912090E-5	8.820900E+1	9.589500E+1	6.039900E+2
8.823100E+1	2.998940E-2	6.098750E-5	-3.001020E-2	9.262560E-5	8.825900E+1	9.594000E+1	6.069910E+2
8.828100E+1	2.998960E-2	6.182190E-5	-3.000990E-2	9.362700E-5	8.831000E+1	9.598100E+1	6.099900E+2
8.833800E+1	2.998960E-2	6.375310E-5	-3.001020E-2	9.405610E-5	8.836200E+1	9.603300E+1	6.129900E+2
8.838600E+1	2.998960E-2	6.649490E-5	-3.001040E-2	9.250640E-5	8.841700E+1	9.607800E+1	6.159900E+2
8.844200E+1	2.998940E-2	6.663800E-5	-3.001010E-2	9.446140E-5	8.846700E+1	9.613300E+1	6.189900E+2
8.849000E+1	2.998920E-2	6.871220E-5	-3.001020E-2	9.305480E-5	8.851700E+1	9.617900E+1	6.219900E+2
8.854300E+1	2.998970E-2	6.370540E-5	-3.001030E-2	9.031300E-5	8.856800E+1	9.622500E+1	6.249900E+2
8.859400E+1	2.998950E-2	6.752010E-5	-3.001030E-2	9.016990E-5	8.862700E+1	9.627900E+1	6.280310E+2
8.864500E+1	2.998920E-2	6.430150E-5	-3.001040E-2	9.112360E-5	8.867400E+1	9.634000E+1	6.309900E+2
8.870000E+1	2.998980E-2	6.616120E-5	-3.001010E-2	9.284020E-5	8.872800E+1	9.640300E+1	6.339900E+2
8.875100E+1	2.998980E-2	6.501670E-5	-3.000990E-2	9.446140E-5	8.877800E+1	9.651700E+1	6.369910E+2
8.879900E+1	2.998930E-2	6.814000E-5	-3.001020E-2	9.315010E-5	8.883200E+1	9.659300E+1	6.399900E+2
8.885700E+1	2.998960E-2	6.756780E-5	-3.001000E-2	8.888250E-5	8.888300E+1	9.664900E+1	6.429910E+2
8.890700E+1	2.998960E-2	6.558900E-5	-3.001040E-2	9.245870E-5	8.893600E+1	9.666300E+1	6.459890E+2
8.896000E+1	2.998920E-2	6.752010E-5	-3.001040E-2	9.231570E-5	8.898700E+1	9.665900E+1	6.489910E+2
8.901000E+1	2.998940E-2	6.613730E-5	-3.001030E-2	9.348390E-5	8.904000E+1	9.659500E+1	6.519900E+2
8.906400E+1	2.998950E-2	6.675720E-5	-3.000990E-2	8.878710E-5	8.909300E+1	9.650000E+1	6.549910E+2
8.911400E+1	2.998960E-2	6.830690E-5	-3.001000E-2	8.881090E-5	8.914200E+1	9.637000E+1	6.579900E+2
8.916300E+1	2.998930E-2	6.625650E-5	-3.000970E-2	9.136200E-5	8.918700E+1	9.621900E+1	6.610310E+2
8.920700E+1	2.998980E-2	6.716250E-5	-3.000980E-2	9.219650E-5	8.922900E+1	9.605800E+1	6.639890E+2
8.924900E+1	2.998950E-2	6.651880E-5	-3.000950E-2	8.716580E-5	8.927100E+1	9.591700E+1	6.669910E+2
8.928800E+1	2.998940E-2	6.840230E-5	-3.000980E-2	8.645060E-5	8.930600E+1	9.576600E+1	6.699910E+2
8.932000E+1	2.998970E-2	6.210800E-5	-3.000990E-2	8.897780E-5	8.934000E+1	9.561800E+1	6.729910E+2
8.935500E+1	2.998960E-2	6.520750E-5	-3.000990E-2	8.697510E-5	8.936500E+1	9.546900E+1	6.759910E+2
8.938100E+1	2.998950E-2	6.685260E-5	-3.000980E-2	8.707050E-5	8.939500E+1	9.535900E+1	6.789890E+2
8.940500E+1	2.998940E-2	6.642340E-5	-3.001010E-2	9.057520E-5	8.941700E+1	9.524300E+1	6.819900E+2
8.942400E+1	2.998950E-2	6.704330E-5	-3.001010E-2	8.957390E-5	8.943500E+1	9.514000E+1	6.849890E+2
8.944000E+1	2.998940E-2	6.897450E-5	-3.000960E-2	8.678440E-5	8.944800E+1	9.503600E+1	6.879910E+2
8.945500E+1	2.998940E-2	6.501670E-5	-3.000990E-2	8.759500E-5	8.946200E+1	9.494100E+1	6.909890E+2
8.946500E+1	2.998940E-2	6.234650E-5	-3.000990E-2	8.635520E-5	8.946600E+1	9.481400E+1	6.940310E+2
8.947500E+1	2.998980E-2	6.506440E-5	-3.001000E-2	8.509160E-5	8.947100E+1	9.468500E+1	6.969890E+2
8.947200E+1	2.998980E-2	6.251340E-5	-3.001000E-2	8.685590E-5	8.947700E+1	9.455300E+1	6.999900E+2
8.947700E+1	2.998970E-2	6.372930E-5	-3.001000E-2	8.454320E-5	8.947600E+1	9.444100E+1	7.029890E+2
8.947400E+1	2.998940E-2	6.361010E-5	-3.001010E-2	8.611680E-5	8.947300E+1	9.431800E+1	7.059910E+2
8.947000E+1	2.998930E-2	6.377700E-5	-3.001020E-2	8.757110E-5	8.946900E+1	9.419200E+1	7.089890E+2
8.946900E+1	2.998950E-2	6.825920E-5	-3.000990E-2	8.897780E-5	8.946100E+1	9.405800E+1	7.119910E+2
8.945600E+1	2.998930E-2	6.341930E-5	-3.000980E-2	8.883480E-5	8.945400E+1	9.391400E+1	7.149890E+2
8.944600E+1	2.998940E-2	6.744860E-5	-3.001010E-2	8.535390E-5	8.943900E+1	9.373500E+1	7.179900E+2
8.943100E+1	2.998940E-2	6.494520E-5	-3.000980E-2	8.513930E-5	8.942300E+1	9.356700E+1	7.209900E+2
8.941000E+1	2.998930E-2	6.582740E-5	-3.000990E-2	8.735660E-5	8.940200E+1	9.340200E+1	7.239890E+2
8.939400E+1	2.998960E-2	6.370540E-5	-3.001020E-2	8.807180E-5	8.937900E+1	9.322500E+1	7.270300E+2
8.937000E+1	2.998950E-2	6.351470E-5	-3.001040E-2	8.866790E-5	8.935400E+1	9.303500E+1	7.299910E+2
8.933600E+1	2.998970E-2	6.628040E-5	-3.001020E-2	8.542540E-5	8.932600E+1	9.283800E+1	7.329900E+2
8.930700E+1	2.998930E-2	6.110670E-5	-3.001020E-2	8.206370E-5	8.929100E+1	9.262400E+1	7.359910E+2
8.927600E+1	2.998940E-2	6.496910E-5	-3.001070E-2	8.559230E-5	8.925600E+1	9.241400E+1	7.389910E+2
8.923400E+1	2.998930E-2	6.098750E-5	-3.001030E-2	8.947850E-5	8.921300E+1	9.218700E+1	7.419900E+2
8.919400E+1	2.998980E-2	6.282330E-5	-3.001020E-2	8.618830E-5	8.916600E+1	9.194000E+1	7.449910E+2
8.914100E+1	2.998970E-2	6.487370E-5	-3.000980E-2	8.847710E-5	8.911500E+1	9.168100E+1	7.479890E+2
8.909200E+1	2.998970E-2	6.442070E-5	-3.001010E-2	8.895400E-5	8.905700E+1	9.138100E+1	7.509910E+2
8.903200E+1	2.998960E-2	6.413460E-5	-3.000960E-2	8.218290E-5	8.899500E+1	9.108200E+1	7.539890E+2
8.896500E+1	2.998950E-2	6.113050E-5	-3.000950E-2	8.924010E-5	8.893200E+1	9.076400E+1	7.569890E+2
8.889600E+1	2.998970E-2	6.251340E-5	-3.000930E-2	8.215900E-5	8.885400E+1	9.041600E+1	7.600310E+2
8.881400E+1	2.999010E-2	5.986690E-5	-3.000940E-2	8.339880E-5	8.877300E+1	9.008100E+1	7.629900E+2
8.873000E+1	2.999020E-2	6.153580E-5	-3.000950E-2	8.800030E-5	8.867900E+1	8.974100E+1	7.659900E+2
8.863600E+1	2.998970E-2	5.958080E-5	-3.000980E-2	8.778570E-5	8.857600E+1	8.939200E+1	7.689900E+2
8.852600E+1	2.998970E-2	5.986690E-5	-3.000970E-2	8.726120E-5	8.847000E+1	8.898000E+1	7.719910E+2
8.841500E+1	2.998940E-2	6.091590E-5	-3.000980E-2	8.094310E-5	8.835300E+1	8.843700E+1	7.749900E+2
8.829900E+1	2.998950E-2	5.879400E-5	-3.001020E-2	8.351800E-5	8.822200E+1	8.757500E+1	7.779890E+2
8.815500E+1	2.998930E-2	5.471710E-5	-3.001000E-2	7.925030E-5	8.807200E+1	8.642600E+1	7.809900E+2
8.799900E+1	2.998980E-2	5.576610E-5	-3.001000E-2	8.215900E-5	8.791700E+1	8.540300E+1	7.839900E+2
8.784600E+1	2.998970E-2	5.831720E-5	-3.001010E-2	8.575920E-5	8.776000E+1	8.453300E+1	7.869900E+2
8.767000E+1	2.998980E-2	5.922320E-5	-3.000960E-2	8.876320E-5	8.748900E+1	8.383200E+1	7.899900E+2
8.705900E+1	2.998960E-2	5.879400E-5	-3.000940E-2	9.000300E-5	8.622300E+1	8.327900E+1	7.930290E+2
8.548600E+1	2.998980E-2	5.621910E-5	-3.000960E-2	9.143350E-5	8.471900E+1	8.289200E+1	7.959900E+2
8.413500E+1	2.998970E-2	5.421640E-5	-3.000940E-2	9.217260E-5	8.363800E+1	8.256600E+1	7.989900E+2
8.326500E+1	2.998990E-2	4.765990E-5	-3.000960E-2	9.169580E-5	8.291900E+1	8.227900E+1	8.019900E+2
8.264400E+1	2.998990E-2	4.539490E-5	-3.000990E-2	9.076600E-5	8.238500E+1	8.198900E+1	8.049900E+2
8.216700E+1	2.998940E-2	4.282000E-5	-3.000950E-2	8.943080E-5	8.195100E+1	8.165600E+1	8.079900E+2
8.175200E+1	2.999000E-2	4.837510E-5	-3.001010E-2	1.048090E-4	8.153900E+1	8.140600E+1	8.109890E+2
8.135300E+1	2.998970E-2	5.447860E-5	-3.001000E-2	1.074790E-4	8.114300E+1	8.117800E+1	8.139910E+2
8.095900E+1	2.998990E-2	5.779270E-5	-3.000960E-2	1.045700E-4	8.073000E+1	8.100300E+1	8.169890E+2
8.040200E+1	2.998990E-2	5.438330E-5	-3.000970E-2	1.083140E-4	7.989300E+1	8.086300E+1	8.199890E+2
7.956800E+1	2.998980E-2	5.846020E-5	-3.001000E-2	1.086950E-4	7.922400E+1	8.084100E+1	8.229910E+2
7.896400E+1	2.998950E-2	5.581380E-5	-3.000970E-2	1.051190E-4	7.872800E+1	8.088300E+1	8.260290E+2
7.856200E+1	2.998970E-2	5.352500E-5	-3.000950E-2	1.017810E-4	7.841500E+1	8.095300E+1	8.289910E+2
7.825100E+1	2.998950E-2	5.533700E-5	-3.000960E-2	1.046660E-4	7.812500E+1	8.103800E+1	8.319900E+2
7.806000E+1	2.998980E-2	5.421640E-5	-3.000960E-2	1.017810E-4	7.799200E+1	8.112100E+1	8.349900E+2
7.793700E+1	2.998990E-2	5.102160E-5	-3.000950E-2	9.844300E-5	7.788300E+1	8.121600E+1	8.379890E+2
7.782800E+1	2.998980E-2	5.476470E-5	-3.000930E-2	1.011130E-4	7.779200E+1	8.134300E+1	8.409910E+2
7.779000E+1	2.998970E-2	5.481240E-5	-3.001000E-2	1.073840E-4	7.783300E+1	8.148200E+1	8.439890E+2
7.790200E+1	2.998980E-2	5.271430E-5	-3.000980E-2	1.048090E-4	7.795300E+1	8.165800E+1	8.469900E+2
7.795500E+1	2.998960E-2	5.652900E-5	-3.001000E-2	1.038310E-4	7.793600E+1	8.183300E+1	8.499900E+2
7.805300E+1	2.998990E-2	5.819800E-5	-3.001010E-2	1.049040E-4	7.829000E+1	8.199800E+1	8.529890E+2
7.831900E+1	2.998960E-2	5.571840E-5	-3.001000E-2	1.040220E-4	7.837700E+1	8.230100E+1	8.559910E+2
7.840400E+1	2.998990E-2	5.507470E-5	-3.000960E-2	1.045470E-4	7.841100E+1	8.259200E+1	8.590310E+2
7.840200E+1	2.999010E-2	5.133150E-5	-3.000950E-2	1.055480E-4	7.839700E+1	8.291800E+1	8.619910E+2
7.838700E+1	2.998990E-2	5.633830E-5	-3.000920E-2	1.026390E-4	7.837900E+1	8.320000E+1	8.649900E+2
7.836900E+1	2.999010E-2	5.404950E-5	-3.000940E-2	1.026390E-4	7.844100E+1	8.344600E+1	8.679890E+2
7.853600E+1	2.999010E-2	5.278590E-5	-3.000950E-2	1.058580E-4	7.857200E+1	8.368200E+1	8.709910E+2
7.858400E+1	2.998990E-2	5.385880E-5	-3.000950E-2	1.033070E-4	7.858900E+1	8.393800E+1	8.739900E+2
7.859100E+1	2.998940E-2	5.614760E-5	-3.000970E-2	1.042840E-4	7.859800E+1	8.419300E+1	8.769900E+2
7.859900E+1	2.998940E-2	5.419250E-5	-3.000990E-2	1.039030E-4	7.860500E+1	8.443800E+1	8.799900E+2
7.860800E+1	2.998980E-2	5.345340E-5	-3.000950E-2	1.044510E-4	7.861300E+1	8.465400E+1	8.829900E+2
7.858700E+1	2.998970E-2	5.602840E-5	-3.000960E-2	1.072410E-4	7.856700E+1	8.483100E+1	8.859890E+2
7.854700E+1	2.998970E-2	5.846020E-5	-3.000960E-2	1.056670E-4	7.850800E+1	8.498400E+1	8.889890E+2
7.848300E+1	2.998990E-2	5.524160E-5	-3.000960E-2	1.041650E-4	7.845300E+1	8.511200E+1	8.920290E+2
7.842500E+1	2.998980E-2	5.435940E-5	-3.000950E-2	1.026870E-4	7.846000E+1	8.524200E+1	8.949910E+2
7.847600E+1	2.998950E-2	5.507470E-5	-3.000990E-2	1.064780E-4	7.850000E+1	8.542400E+1	8.979890E+2
7.850100E+1	2.998980E-2	5.431180E-5	-3.000980E-2	1.075030E-4	7.848900E+1	8.563400E+1	9.009910E+2
7.846300E+1	2.998970E-2	5.691050E-5	-3.000970E-2	1.055240E-4	7.842300E+1	8.589900E+1	9.039900E+2
7.839400E+1	2.998960E-2	5.774500E-5	-3.000960E-2	1.092670E-4	7.838000E+1	8.621800E+1	9.069890E+2
7.838600E+1	2.998980E-2	5.865100E-5	-3.000960E-2	1.094340E-4	7.833900E+1	8.656000E+1	9.099910E+2
7.835600E+1	2.998960E-2	5.838870E-5	-3.000940E-2	1.091000E-4	7.831900E+1	8.690700E+1	9.129900E+2
7.834000E+1	2.998960E-2	6.070140E-5	-3.000960E-2	1.108170E-4	7.827600E+1	8.720900E+1	9.159910E+2
7.826300E+1	2.998980E-2	5.919930E-5	-3.000950E-2	1.113650E-4	7.824800E+1	8.747800E+1	9.189900E+2
7.823800E+1	2.998940E-2	5.900860E-5	-3.000950E-2	1.121280E-4	7.823500E+1	8.788000E+1	9.219910E+2
7.822400E+1	2.998960E-2	6.165500E-5	-3.000950E-2	1.122950E-4	7.823000E+1	8.835100E+1	9.250290E+2
7.822200E+1	2.999000E-2	6.053450E-5	-3.000970E-2	1.158950E-4	7.818500E+1	8.880900E+1	9.279910E+2
7.818300E+1	2.999000E-2	6.215570E-5	-3.000990E-2	1.165150E-4	7.822500E+1	8.924500E+1	9.309900E+2
7.823000E+1	2.998970E-2	6.344320E-5	-3.001010E-2	1.140120E-4	7.822000E+1	8.951300E+1	9.339890E+2
7.821000E+1	2.998990E-2	6.353860E-5	-3.000990E-2	1.155380E-4	7.833200E+1	8.971300E+1	9.369910E+2
7.827500E+1	2.998990E-2	5.991460E-5	-3.000970E-2	1.157280E-4	7.821500E+1	8.989400E+1	9.399890E+2
7.822600E+1	2.998960E-2	6.456380E-5	-3.001000E-2	1.160860E-4	7.822900E+1	9.011200E+1	9.429900E+2
7.823300E+1	2.999010E-2	6.687640E-5	-3.001020E-2	1.173260E-4	7.826200E+1	9.027700E+1	9.459900E+2
7.827400E+1	2.998960E-2	6.828310E-5	-3.001010E-2	1.164670E-4	7.823100E+1	9.040700E+1	9.489900E+2
7.827100E+1	2.998960E-2	6.904600E-5	-3.001030E-2	1.178030E-4	7.831800E+1	9.052600E+1	9.519900E+2
7.825600E+1	2.998970E-2	6.685260E-5	-3.001010E-2	1.158710E-4	7.828800E+1	9.063000E+1	9.549900E+2
7.830700E+1	2.998960E-2	6.752010E-5	-3.001020E-2	1.189470E-4	7.827300E+1	9.073300E+1	9.580290E+2
7.830200E+1	2.998990E-2	6.747250E-5	-3.001000E-2	1.169200E-4	7.824300E+1	9.084400E+1	9.609900E+2
7.828700E+1	2.998960E-2	6.656650E-5	-3.001010E-2	1.152990E-4	7.831300E+1	9.093600E+1	9.639890E+2
7.824400E+1	2.998990E-2	6.608960E-5	-3.000990E-2	1.178500E-4	7.826500E+1	9.103700E+1	9.669890E+2
7.831100E+1	2.998990E-2	6.439690E-5	-3.000980E-2	1.159910E-4	7.827300E+1	9.111900E+1	9.699900E+2
7.827400E+1	2.998990E-2	6.451610E-5	-3.000940E-2	1.196150E-4	7.829200E+1	9.121700E+1	9.729890E+2
7.822500E+1	2.999000E-2	6.954670E-5	-3.000990E-2	1.200910E-4	7.825800E+1	9.132800E+1	9.759900E+2
7.822100E+1	2.998980E-2	6.809230E-5	-3.000980E-2	1.175170E-4	7.827600E+1	9.142700E+1	9.789900E+2
7.826400E+1	2.998990E-2	6.675720E-5	-3.000970E-2	1.176360E-4	7.824000E+1	9.151600E+1	9.819900E+2
7.829000E+1	2.998990E-2	6.599430E-5	-3.000990E-2	1.215700E-4	7.826300E+1	9.160600E+1	9.849900E+2
7.828500E+1	2.998990E-2	6.899830E-5	-3.000980E-2	1.171830E-4	7.824600E+1	9.169100E+1	9.879900E+2
7.831800E+1	2.998990E-2	6.895070E-5	-3.000940E-2	1.171830E-4	7.832100E+1	9.178400E+1	9.910300E+2
7.846300E+1	2.999010E-2	6.511210E-5	-3.000950E-2	1.158480E-4	7.844800E+1	9.189300E+1	9.939910E+2
7.840700E+1	2.998990E-2	6.613730E-5	-3.000940E-2	1.189710E-4	7.843200E+1	9.212200E+1	9.969910E+2
7.856500E+1	2.999030E-2	7.133480E-5	-3.000980E-2	1.217130E-4	7.853600E+1	9.236500E+1	9.999910E+2
7.857000E+1	2.999000E-2	7.259850E-5	-3.000970E-2	1.240250E-4	7.865500E+1	9.267100E+1	1.002990E+3
7.872200E+1	2.999010E-2	7.059570E-5	-3.000980E-2	1.195670E-4	7.882800E+1	9.304400E+1	1.005991E+3
7.892400E+1	2.998980E-2	7.371900E-5	-3.000950E-2	1.226430E-4	7.899800E+1	9.344100E+1	1.008990E+3
7.905600E+1	2.999010E-2	7.271770E-5	-3.000980E-2	1.241680E-4	7.911800E+1	9.382500E+1	1.011991E+3
7.916800E+1	2.998980E-2	7.374290E-5	-3.001000E-2	1.215930E-4	7.921000E+1	9.419200E+1	1.014989E+3
7.924700E+1	2.998970E-2	7.209780E-5	-3.001000E-2	1.244540E-4	7.929400E+1	9.456200E+1	1.017990E+3
7.933400E+1	2.998970E-2	7.560250E-5	-3.000980E-2	1.266240E-4	7.939100E+1	9.492100E+1	1.020990E+3
7.944100E+1	2.999000E-2	7.467270E-5	-3.000940E-2	1.227860E-4	7.950000E+1	9.527900E+1	1.024030E+3
7.955300E+1	2.998990E-2	7.445810E-5	-3.000970E-2	1.209970E-4	7.961000E+1	9.558400E+1	1.026990E+3
7.966000E+1	2.998970E-2	6.902220E-5	-3.000970E-2	1.230240E-4	7.972000E+1	9.582600E+1	1.029990E+3
7.977100E+1	2.998980E-2	7.023810E-5	-3.000950E-2	1.236200E-4	7.982900E+1	9.603700E+1	1.032990E+3
7.988200E+1	2.998990E-2	6.883140E-5	-3.000990E-2	1.238350E-4	7.994300E+1	9.627400E+1	1.035990E+3
7.999400E+1	2.999000E-2	7.102490E-5	-3.000970E-2	1.195910E-4	8.004700E+1	9.651800E+1	1.039007E+3
8.009700E+1	2.998970E-2	7.016660E-5	-3.000980E-2	1.209260E-4	8.015200E+1	9.675300E+1	1.041989E+3
8.019800E+1	2.998960E-2	6.968980E-5	-3.000970E-2	1.190420E-4	8.025100E+1	9.701400E+1	1.044990E+3
8.030100E+1	2.999030E-2	6.892680E-5	-3.000930E-2	1.205210E-4	8.034900E+1	9.726500E+1	1.047989E+3
8.039100E+1	2.999030E-2	6.949900E-5	-3.000970E-2	1.196620E-4	8.044000E+1	9.752100E+1	1.050989E+3
8.048200E+1	2.999010E-2	6.835460E-5	-3.000960E-2	1.201390E-4	8.052600E+1	9.777400E+1	1.053991E+3
8.056900E+1	2.998990E-2	7.042880E-5	-3.000940E-2	1.196380E-4	8.061700E+1	9.802400E+1	1.057031E+3
8.065100E+1	2.999020E-2	7.262230E-5	-3.000950E-2	1.223800E-4	8.069700E+1	9.826300E+1	1.059991E+3
8.073500E+1	2.998990E-2	7.207390E-5	-3.000970E-2	1.208540E-4	8.077400E+1	9.852700E+1	1.062989E+3
8.081500E+1	2.999030E-2	7.083420E-5	-3.000970E-2	1.212120E-4	8.085600E+1	9.877300E+1	1.065989E+3
8.089200E+1	2.999010E-2	7.047650E-5	-3.000990E-2	1.206870E-4	8.093200E+1	9.903900E+1	1.068990E+3
8.096600E+1	2.998980E-2	7.181170E-5	-3.001000E-2	1.208070E-4	8.100400E+1	9.930500E+1	1.071990E+3
8.104100E+1	2.998980E-2	7.157330E-5	-3.001020E-2	1.245020E-4	8.108400E+1	9.954600E+1	1.074989E+3
8.111500E+1	2.998980E-2	7.393360E-5	-3.000950E-2	1.235720E-4	8.115800E+1	9.979500E+1	1.077990E+3
8.119100E+1	2.998990E-2	7.190700E-5	-3.000990E-2	1.262660E-4	8.122400E+1	1.000660E+2	1.080991E+3
8.125400E+1	2.998950E-2	7.343290E-5	-3.001000E-2	1.236920E-4	8.129300E+1	1.003280E+2	1.083991E+3
8.132800E+1	2.998990E-2	7.364750E-5	-3.001010E-2	1.247880E-4	8.136400E+1	1.005900E+2	1.086990E+3
8.139500E+1	2.998950E-2	7.636550E-5	-3.000990E-2	1.229290E-4	8.143300E+1	1.008710E+2	1.090030E+3
8.146800E+1	2.998940E-2	7.300380E-5	-3.000980E-2	1.225950E-4	8.150100E+1	1.011100E+2	1.092989E+3
8.153700E+1	2.998970E-2	6.954670E-5	-3.000980E-2	1.229290E-4	8.157200E+1	1.013490E+2	1.095990E+3
8.161000E+1	2.998990E-2	7.319450E-5	-3.001010E-2	1.274350E-4	8.163900E+1	1.016060E+2	1.098989E+3
8.167200E+1	2.998980E-2	7.514950E-5	-3.000990E-2	1.293180E-4	8.170600E+1	1.018730E+2	1.101989E+3
8.173500E+1	2.999000E-2	7.836820E-5	-3.000960E-2	1.246210E-4	8.177300E+1	1.021360E+2	1.104990E+3
8.180200E+1	2.999010E-2	7.798670E-5	-3.000960E-2	1.292710E-4	8.183700E+1	1.023890E+2	1.107990E+3
8.186800E+1	2.999020E-2	7.739070E-5	-3.000970E-2	1.290080E-4	8.190600E+1	1.026470E+2	1.110990E+3
8.193600E+1	2.998990E-2	7.774830E-5	-3.000990E-2	1.276490E-4	8.196700E+1	1.029010E+2	1.113989E+3
8.200200E+1	2.998960E-2	7.708070E-5	-3.001000E-2	1.267910E-4	8.203300E+1	1.031450E+2	1.116990E+3
8.206600E+1	2.998970E-2	7.834430E-5	-3.000990E-2	1.265050E-4	8.210100E+1	1.033990E+2	1.119990E+3
8.213100E+1	2.998980E-2	7.414820E-5	-3.000990E-2	1.248120E-4	8.217000E+1	1.036580E+2	1.123031E+3
8.219400E+1	2.998970E-2	7.820130E-5	-3.001040E-2	1.298190E-4	8.223100E+1	1.039170E+2	1.125991E+3
8.225900E+1	2.998970E-2	7.591250E-5	-3.001000E-2	1.274350E-4	8.229400E+1	1.041760E+2	1.128989E+3
8.233000E+1	2.998980E-2	7.572170E-5	-3.001000E-2	1.313450E-4	8.236300E+1	1.044210E+2	1.131989E+3
8.239300E+1	2.998990E-2	8.108620E-5	-3.001030E-2	1.277450E-4	8.242600E+1	1.046710E+2	1.134989E+3
8.245500E+1	2.998950E-2	8.106230E-5	-3.001000E-2	1.303910E-4	8.248900E+1	1.049360E+2	1.137990E+3
8.252100E+1	2.998980E-2	7.989410E-5	-3.001020E-2	1.315590E-4	8.255600E+1	1.052020E+2	1.140991E+3
8.258200E+1	2.998980E-2	7.932190E-5	-3.001010E-2	1.300100E-4	8.261600E+1	1.054820E+2	1.143991E+3
8.264400E+1	2.998980E-2	8.141990E-5	-3.001010E-2	1.295330E-4	8.267800E+1	1.057580E+2	1.146991E+3
8.271100E+1	2.998990E-2	7.932190E-5	-3.001010E-2	1.301050E-4	8.273900E+1	1.060350E+2	1.149990E+3
8.277500E+1	2.998990E-2	7.970330E-5	-3.001010E-2	1.312020E-4	8.280600E+1	1.063080E+2	1.152990E+3
8.283700E+1	2.998960E-2	8.006100E-5	-3.000990E-2	1.324650E-4	8.286600E+1	1.065850E+2	1.156030E+3
8.290100E+1	2.999000E-2	7.846360E-5	-3.001010E-2	1.292230E-4	8.293200E+1	1.068550E+2	1.158990E+3
8.296000E+1	2.999000E-2	7.846360E-5	-3.001020E-2	1.299140E-4	8.299300E+1	1.071320E+2	1.161990E+3
8.302500E+1	2.998990E-2	8.091930E-5	-3.001010E-2	1.328230E-4	8.306000E+1	1.074010E+2	1.164990E+3
8.309000E+1	2.998940E-2	8.184910E-5	-3.001000E-2	1.333480E-4	8.312300E+1	1.076730E+2	1.167989E+3
8.315600E+1	2.998940E-2	8.249280E-5	-3.001010E-2	1.353030E-4	8.318900E+1	1.079470E+2	1.170989E+3
8.322300E+1	2.998950E-2	8.528230E-5	-3.001040E-2	1.347300E-4	8.326100E+1	1.082130E+2	1.173991E+3
8.329000E+1	2.998940E-2	8.354190E-5	-3.001060E-2	1.351360E-4	8.332900E+1	1.084820E+2	1.176990E+3
8.336100E+1	2.998950E-2	8.406640E-5	-3.001010E-2	1.367810E-4	8.340000E+1	1.087590E+2	1.179989E+3
8.343600E+1	2.998950E-2	8.385180E-5	-3.001030E-2	1.358990E-4	8.346800E+1	1.090360E+2	1.182989E+3
8.349700E+1	2.998920E-2	8.621220E-5	-3.001050E-2	1.364710E-4	8.353700E+1	1.093170E+2	1.185991E+3
8.357100E+1	2.998950E-2	8.649830E-5	-3.001010E-2	1.354690E-4	8.360500E+1	1.095660E+2	1.189030E+3
8.364000E+1	2.998960E-2	8.740430E-5	-3.001000E-2	1.356840E-4	8.367900E+1	1.097770E+2	1.191990E+3
8.371200E+1	2.998950E-2	8.366110E-5	-3.001000E-2	1.365180E-4	8.374900E+1	1.099430E+2	1.194990E+3
8.378100E+1	2.998950E-2	8.590220E-5	-3.001000E-2	1.371150E-4	8.381900E+1	1.100610E+2	1.197991E+3
8.385400E+1	2.998960E-2	8.819100E-5	-3.000980E-2	1.375680E-4	8.388600E+1	1.101370E+2	1.200990E+3
8.392100E+1	2.998970E-2	8.502010E-5	-3.000960E-2	1.399520E-4	8.395600E+1	1.101890E+2	1.203991E+3
8.398300E+1	2.998980E-2	8.962150E-5	-3.000940E-2	1.409530E-4	8.402400E+1	1.102160E+2	1.206990E+3
8.405300E+1	2.999000E-2	9.076600E-5	-3.000970E-2	1.401660E-4	8.408800E+1	1.102270E+2	1.209991E+3
8.411900E+1	2.998960E-2	8.594990E-5	-3.000960E-2	1.426700E-4	8.414500E+1	1.102290E+2	1.212990E+3
8.418300E+1	2.998970E-2	8.742810E-5	-3.000960E-2	1.382110E-4	8.421000E+1	1.102240E+2	1.215989E+3
8.424100E+1	2.998980E-2	8.811950E-5	-3.000990E-2	1.429800E-4	8.427300E+1	1.102170E+2	1.218990E+3
8.430100E+1	2.998990E-2	9.424690E-5	-3.000980E-2	1.405000E-4	8.433000E+1	1.102010E+2	1.222030E+3
8.435500E+1	2.999010E-2	9.088520E-5	-3.000970E-2	1.406190E-4	8.438000E+1	1.101840E+2	1.224990E+3
8.440500E+1	2.998980E-2	8.833410E-5	-3.000940E-2	1.410720E-4	8.443100E+1	1.101710E+2	1.227990E+3
8.445800E+1	2.998990E-2	8.945470E-5	-3.000960E-2	1.392360E-4	8.448300E+1	1.101520E+2	1.230991E+3
8.451100E+1	2.998960E-2	8.933540E-5	-3.000950E-2	1.421930E-4	8.453800E+1	1.101330E+2	1.233990E+3
8.456000E+1	2.998960E-2	8.974080E-5	-3.000950E-2	1.420260E-4	8.458500E+1	1.101110E+2	1.236989E+3
8.460400E+1	2.998960E-2	9.014610E-5	-3.000990E-2	1.424310E-4	8.463000E+1	1.101000E+2	1.239990E+3
8.465400E+1	2.999000E-2	9.102820E-5	-3.001010E-2	1.427890E-4	8.467300E+1	1.100840E+2	1.242990E+3
8.469600E+1	2.998950E-2	9.093280E-5	-3.000980E-2	1.405720E-4	8.471500E+1	1.100710E+2	1.245989E+3
8.473500E+1	2.998960E-2	9.112360E-5	-3.001010E-2	1.414540E-4	8.475700E+1	1.100640E+2	1.248990E+3
8.477200E+1	2.998960E-2	9.045600E-5	-3.001020E-2	1.439570E-4	8.479400E+1	1.100500E+2	1.251990E+3
8.481700E+1	2.998960E-2	9.114740E-5	-3.000960E-2	1.429560E-4	8.483000E+1	1.100440E+2	1.255029E+3
8.485300E+1	2.998990E-2	8.978840E-5	-3.000990E-2	1.397610E-4	8.486700E+1	1.100390E+2	1.257990E+3
8.488200E+1	2.998990E-2	9.107590E-5	-3.001000E-2	1.387830E-4	8.490500E+1	1.100330E+2	1.260990E+3
8.491700E+1	2.998980E-2	8.959770E-5	-3.000990E-2	1.397370E-4	8.493400E+1	1.100280E+2	1.263990E+3
8.495000E+1	2.998980E-2	8.902550E-5	-3.000990E-2	1.434800E-4	8.496200E+1	1.100190E+2	1.266991E+3
8.498300E+1	2.998990E-2	9.016990E-5	-3.000970E-2	1.424790E-4	8.499600E+1	1.100190E+2	1.269989E+3
8.500300E+1	2.998980E-2	9.157660E-5	-3.001020E-2	1.414060E-4	8.503100E+1	1.100160E+2	1.272991E+3
8.503900E+1	2.999000E-2	9.007450E-5	-3.000980E-2	1.410720E-4	8.505200E+1	1.100160E+2	1.275990E+3
8.507000E+1	2.998950E-2	8.976460E-5	-3.001040E-2	1.402620E-4	8.507900E+1	1.100120E+2	1.278990E+3
8.509500E+1	2.998970E-2	8.950230E-5	-3.001030E-2	1.409530E-4	8.511200E+1	1.100140E+2	1.281990E+3
8.512100E+1	2.998970E-2	8.981230E-5	-3.001000E-2	1.424790E-4	8.513700E+1	1.100090E+2	1.284990E+3
8.514800E+1	2.998960E-2	9.140970E-5	-3.000960E-2	1.398800E-4	8.516500E+1	1.100100E+2	1.288030E+3
8.517900E+1	2.998980E-2	9.074210E-5	-3.000950E-2	1.408820E-4	8.519400E+1	1.100120E+2	1.290989E+3
8.520100E+1	2.999000E-2	8.976460E-5	-3.000940E-2	1.398560E-4	8.521500E+1	1.100130E+2	1.293990E+3
8.522700E+1	2.998970E-2	8.785720E-5	-3.000980E-2	1.387600E-4	8.524700E+1	1.100160E+2	1.296990E+3
8.525700E+1	2.998970E-2	8.728500E-5	-3.000960E-2	1.375910E-4	8.526500E+1	1.100100E+2	1.299989E+3
8.528200E+1	2.998970E-2	8.933540E-5	-3.000980E-2	1.382590E-4	8.529400E+1	1.100140E+2	1.302990E+3
8.530900E+1	2.998980E-2	9.160040E-5	-3.001030E-2	1.401190E-4	8.532500E+1	1.100150E+2	1.305990E+3
8.533500E+1	2.998980E-2	9.002690E-5	-3.001030E-2	1.374720E-4	8.535200E+1	1.100150E+2	1.308991E+3
8.536600E+1	2.998980E-2	8.814340E-5	-3.001020E-2	1.389270E-4	8.538200E+1	1.100130E+2	1.311989E+3
8.540000E+1	2.998970E-2	8.761880E-5	-3.001020E-2	1.418590E-4	8.541500E+1	1.100150E+2	1.314991E+3
8.541900E+1	2.998940E-2	8.974080E-5	-3.001020E-2	1.392360E-4	8.543400E+1	1.100150E+2	1.317991E+3
8.544600E+1	2.998970E-2	8.909700E-5	-3.000950E-2	1.383780E-4	8.547400E+1	1.100130E+2	1.321029E+3
8.548600E+1	2.999000E-2	8.873940E-5	-3.000970E-2	1.387830E-4	8.549400E+1	1.100110E+2	1.323991E+3
8.551000E+1	2.998980E-2	8.909700E-5	-3.000970E-2	1.391410E-4	8.552100E+1	1.100100E+2	1.326989E+3
8.553600E+1	2.998960E-2	8.552070E-5	-3.000970E-2	1.403090E-4	8.555300E+1	1.100060E+2	1.329990E+3
8.555900E+1	2.998970E-2	8.916850E-5	-3.001010E-2	1.369000E-4	8.557600E+1	1.100100E+2	1.332989E+3
8.558700E+1	2.998960E-2	9.088520E-5	-3.001030E-2	1.382830E-4	8.560400E+1	1.100110E+2	1.335989E+3
8.562200E+1	2.998980E-2	9.052750E-5	-3.001000E-2	1.389270E-4	8.563600E+1	1.100080E+2	1.338990E+3
8.564900E+1	2.998990E-2	8.802410E-5	-3.000980E-2	1.405240E-4	8.566600E+1	1.100060E+2	1.341990E+3
8.567500E+1	2.998950E-2	8.950230E-5	-3.000990E-2	1.393560E-4	8.569800E+1	1.100100E+2	1.344990E+3
8.571800E+1	2.998980E-2	8.931160E-5	-3.000970E-2	1.371860E-4	8.573800E+1	1.100110E+2	1.347991E+3
8.575800E+1	2.998990E-2	8.993150E-5	-3.000930E-2	1.386170E-4	8.577500E+1	1.100080E+2	1.350991E+3
8.579900E+1	2.999000E-2	8.766650E-5	-3.000910E-2	1.367810E-4	8.582400E+1	1.100110E+2	1.354031E+3
8.584900E+1	2.998990E-2	8.747580E-5	-3.000950E-2	1.375200E-4	8.587600E+1	1.100090E+2	1.356989E+3
8.589300E+1	2.999000E-2	8.790490E-5	-3.000960E-2	1.393800E-4	8.592200E+1	1.100100E+2	1.359990E+3
8.594600E+1	2.998960E-2	8.575920E-5	-3.000970E-2	1.360420E-4	8.598100E+1	1.100150E+2	1.362990E+3
8.601300E+1	2.999010E-2	8.432870E-5	-3.000950E-2	1.362800E-4	8.605100E+1	1.100070E+2	1.365990E+3
8.607700E+1	2.999010E-2	8.773800E-5	-3.000930E-2	1.353980E-4	8.611300E+1	1.100060E+2	1.368990E+3
8.614900E+1	2.998970E-2	8.533000E-5	-3.000990E-2	1.416210E-4	8.618800E+1	1.100080E+2	1.371990E+3
8.622500E+1	2.998940E-2	8.955000E-5	-3.000980E-2	1.397130E-4	8.626300E+1	1.100060E+2	1.374991E+3
8.631100E+1	2.998950E-2	8.618830E-5	-3.000980E-2	1.378060E-4	8.635700E+1	1.100050E+2	1.377989E+3
8.639900E+1	2.998950E-2	8.826260E-5	-3.000960E-2	1.361610E-4	8.645400E+1	1.099980E+2	1.380989E+3
8.650400E+1	2.998970E-2	8.661750E-5	-3.001000E-2	1.404050E-4	8.655100E+1	1.099950E+2	1.383990E+3
8.661100E+1	2.998950E-2	8.986000E-5	-3.000990E-2	1.360650E-4	8.667300E+1	1.099780E+2	1.387030E+3
8.672500E+1	2.998960E-2	8.983610E-5	-3.000980E-2	1.357560E-4	8.678800E+1	1.099770E+2	1.389991E+3
8.685700E+1	2.998980E-2	8.957390E-5	-3.000990E-2	1.388310E-4	8.692700E+1	1.099610E+2	1.392989E+3
8.698800E+1	2.998980E-2	8.904930E-5	-3.001000E-2	1.375200E-4	8.706600E+1	1.099680E+2	1.395989E+3
8.714000E+1	2.998990E-2	9.107590E-5	-3.001010E-2	1.372340E-4	8.722900E+1	1.099780E+2	1.398991E+3
8.730600E+1	2.998960E-2	9.119510E-5	-3.000980E-2	1.379010E-4	8.739700E+1	1.099860E+2	1.401991E+3
8.749100E+1	2.998990E-2	9.224410E-5	-3.000980E-2	1.383780E-4	8.759000E+1	1.099950E+2	1.404990E+3
8.768000E+1	2.998940E-2	9.415150E-5	-3.000970E-2	1.376630E-4	8.778100E+1	1.099880E+2	1.407990E+3
8.788000E+1	2.998980E-2	9.429450E-5	-3.000990E-2	1.374960E-4	8.798700E+1	1.099910E+2	1.410990E+3
8.808700E+1	2.998970E-2	9.307860E-5	-3.000970E-2	1.379970E-4	8.820200E+1	1.099970E+2	1.413990E+3
8.830700E+1	2.998980E-2	9.558200E-5	-3.000950E-2	1.349450E-4	8.842300E+1	1.100080E+2	1.416990E+3
8.852700E+1	2.999000E-2	9.412770E-5	-3.000970E-2	1.304860E-4	8.864800E+1	1.100160E+2	1.420031E+3
8.875200E+1	2.998990E-2	9.396080E-5	-3.001030E-2	1.335380E-4	8.887200E+1	1.100260E+2	1.422991E+3
8.899000E+1	2.998980E-2	9.486680E-5	-3.000980E-2	1.245740E-4	8.910700E+1	1.100170E+2	1.425991E+3
8.921500E+1	2.998980E-2	9.253030E-5	-3.000990E-2	1.282220E-4	8.933500E+1	1.100230E+2	1.428990E+3
8.944800E+1	2.998990E-2	9.117130E-5	-3.000990E-2	1.228090E-4	8.956700E+1	1.100240E+2	1.431990E+3
8.967900E+1	2.998940E-2	9.353160E-5	-3.000970E-2	1.188040E-4	8.980500E+1	1.100230E+2	1.434990E+3
8.991400E+1	2.998960E-2	9.255410E-5	-3.000970E-2	1.159670E-4	9.002800E+1	1.100270E+2	1.437991E+3
9.014500E+1	2.998990E-2	9.090900E-5	-3.000950E-2	1.155380E-4	9.026400E+1	1.100220E+2	1.440991E+3
9.037300E+1	2.998990E-2	9.119510E-5	-3.000970E-2	1.138930E-4	9.049300E+1	1.100240E+2	1.443991E+3
9.060400E+1	2.998950E-2	9.195800E-5	-3.000980E-2	1.154180E-4	9.072100E+1	1.100190E+2	1.446990E+3
9.082700E+1	2.998950E-2	9.148120E-5	-3.000970E-2	1.102210E-4	9.095000E+1	1.100230E+2	1.449990E+3
9.105800E+1	2.998970E-2	8.907320E-5	-3.000970E-2	1.098630E-4	9.117400E+1	1.100250E+2	1.453030E+3
9.127300E+1	2.998950E-2	9.145740E-5	-3.000970E-2	1.094820E-4	9.139000E+1	1.100430E+2	1.455990E+3
9.149900E+1	2.998990E-2	8.993150E-5	-3.000970E-2	1.065970E-4	9.161000E+1	1.100330E+2	1.458990E+3
9.171600E+1	2.998990E-2	8.518700E-5	-3.001010E-2	1.059060E-4	9.182900E+1	1.100420E+2	1.461990E+3
9.193600E+1	2.998990E-2	9.541510E-5	-3.000960E-2	1.012560E-4	9.204200E+1	1.100500E+2	1.464990E+3
9.214600E+1	2.998990E-2	9.653570E-5	-3.000990E-2	9.529590E-5	9.225100E+1	1.100620E+2	1.467989E+3
9.235000E+1	2.998960E-2	1.014470E-4	-3.000990E-2	9.474750E-5	9.246000E+1	1.100700E+2	1.470989E+3
9.255700E+1	2.998960E-2	1.069780E-4	-3.000990E-2	8.242130E-5	9.266300E+1	1.100760E+2	1.473990E+3
9.276500E+1	2.999000E-2	1.159670E-4	-3.001030E-2	7.793900E-5	9.286500E+1	1.100730E+2	1.476989E+3
9.296100E+1	2.999010E-2	1.236680E-4	-3.001000E-2	6.971360E-5	9.306900E+1	1.100770E+2	1.479990E+3
9.316100E+1	2.998970E-2	1.349690E-4	-3.000990E-2	5.669590E-5	9.326100E+1	1.101000E+2	1.482990E+3
9.335500E+1	2.998990E-2	1.452210E-4	-3.000990E-2	4.210470E-5	9.346000E+1	1.101230E+2	1.486031E+3
9.354700E+1	2.999010E-2	1.557110E-4	-3.000970E-2	2.958770E-5	9.364500E+1	1.101570E+2	1.488991E+3
9.373800E+1	2.998980E-2	1.671550E-4	-3.000980E-2	2.157690E-5	9.383500E+1	1.101720E+2	1.491989E+3
9.392500E+1	2.998980E-2	1.779560E-4	-3.001000E-2	8.487700E-6	9.401500E+1	1.102010E+2	1.494990E+3
9.410900E+1	2.998990E-2	1.860380E-4	-3.000980E-2	-3.337860E-7	9.420500E+1	1.102370E+2	1.497990E+3
9.428900E+1	2.998980E-2	1.949550E-4	-3.000980E-2	-7.033350E-6	9.438500E+1	1.102790E+2	1.500990E+3
9.447000E+1	2.998980E-2	2.007250E-4	-3.000970E-2	-1.060960E-5	9.456600E+1	1.103310E+2	1.503990E+3
9.464800E+1	2.998960E-2	2.050880E-4	-3.000960E-2	-1.533030E-5	9.474300E+1	1.103860E+2	1.506990E+3
9.482200E+1	2.998960E-2	2.071140E-4	-3.001000E-2	-1.904960E-5	9.491500E+1	1.104480E+2	1.509990E+3
9.500100E+1	2.998950E-2	2.074240E-4	-3.001020E-2	-2.021790E-5	9.508800E+1	1.105160E+2	1.512990E+3
9.516800E+1	2.998970E-2	2.114060E-4	-3.001020E-2	-1.926420E-5	9.526000E+1	1.105860E+2	1.515989E+3
9.534200E+1	2.998950E-2	2.130270E-4	-3.001000E-2	-2.319810E-5	9.543000E+1	1.106630E+2	1.519031E+3
9.551000E+1	2.998990E-2	2.117630E-4	-3.001000E-2	-2.570150E-5	9.559900E+1	1.107330E+2	1.521990E+3
9.567800E+1	2.998970E-2	2.107860E-4	-3.000990E-2	-2.675060E-5	9.576500E+1	1.108120E+2	1.524990E+3
9.584700E+1	2.998960E-2	2.125980E-4	-3.000990E-2	-2.672670E-5	9.593100E+1	1.108860E+2	1.527990E+3
9.600700E+1	2.998980E-2	2.163170E-4	-3.000970E-2	-2.877710E-5	9.610000E+1	1.109680E+2	1.530989E+3
9.617700E+1	2.998990E-2	2.167460E-4	-3.001000E-2	-3.273490E-5	9.626500E+1	1.110550E+2	1.533990E+3
9.633900E+1	2.998960E-2	2.128600E-4	-3.001020E-2	-3.249650E-5	9.642800E+1	1.111410E+2	1.536990E+3
9.650600E+1	2.998980E-2	2.173190E-4	-3.001000E-2	-3.085140E-5	9.659200E+1	1.112150E+2	1.539990E+3
9.667200E+1	2.998990E-2	2.177950E-4	-3.000990E-2	-2.846720E-5	9.676200E+1	1.112980E+2	1.542990E+3
9.684300E+1	2.999000E-2	2.177240E-4	-3.000970E-2	-3.430840E-5	9.693200E+1	1.113690E+2	1.545990E+3
9.700600E+1	2.998980E-2	2.189640E-4	-3.000980E-2	-3.638270E-5	9.709300E+1	1.114360E+2	1.548989E+3
9.717100E+1	2.998980E-2	2.216100E-4	-3.000990E-2	-3.812310E-5	9.726000E+1	1.115060E+2	1.552030E+3
9.733900E+1	2.998980E-2	2.190830E-4	-3.000980E-2	-4.007820E-5	9.742500E+1	1.115670E+2	1.554990E+3
9.750000E+1	2.998980E-2	2.183200E-4	-3.001000E-2	-3.602500E-5	9.758300E+1	1.116310E+2	1.557989E+3
9.766200E+1	2.998970E-2	2.190830E-4	-3.001020E-2	-3.838540E-5	9.775000E+1	1.117080E+2	1.560991E+3
9.782800E+1	2.998940E-2	2.209190E-4	-3.001020E-2	-4.060270E-5	9.791200E+1	1.117630E+2	1.563991E+3
9.798800E+1	2.998940E-2	2.198220E-4	-3.001030E-2	-3.929140E-5	9.807600E+1	1.118280E+2	1.566990E+3
9.815100E+1	2.998970E-2	2.188440E-4	-3.001020E-2	-3.993510E-5	9.823400E+1	1.118910E+2	1.569991E+3
9.831500E+1	2.998980E-2	2.238510E-4	-3.001020E-2	-4.320140E-5	9.840000E+1	1.119760E+2	1.572991E+3
9.847600E+1	2.998930E-2	2.222060E-4	-3.001010E-2	-4.487040E-5	9.856400E+1	1.120350E+2	1.575990E+3
9.864000E+1	2.998970E-2	2.217050E-4	-3.001000E-2	-4.377370E-5	9.872500E+1	1.120950E+2	1.578989E+3
9.880600E+1	2.998990E-2	2.247330E-4	-3.001000E-2	-4.317760E-5	9.889200E+1	1.121480E+2	1.581990E+3
9.896300E+1	2.998990E-2	2.245660E-4	-3.000970E-2	-4.372600E-5	9.905500E+1	1.122130E+2	1.585029E+3
9.913200E+1	2.999000E-2	2.218250E-4	-3.000990E-2	-4.689690E-5	9.921500E+1	1.122850E+2	1.587990E+3
9.928800E+1	2.998960E-2	2.210620E-4	-3.000970E-2	-4.694460E-5	9.937200E+1	1.123720E+2	1.590990E+3
9.944900E+1	2.998960E-2	2.206800E-4	-3.000960E-2	-4.708770E-5	9.953000E+1	1.124660E+2	1.593992E+3
9.960400E+1	2.998980E-2	2.226350E-4	-3.000960E-2	-4.656310E-5	9.968500E+1	1.125650E+2	1.596989E+3
9.975900E+1	2.998930E-2	2.240660E-4	-3.001000E-2	-4.959110E-5	9.984100E+1	1.126650E+2	1.599990E+3
9.991500E+1	2.998980E-2	2.287390E-4	-3.001020E-2	-5.040170E-5	9.999500E+1	1.127640E+2	1.602989E+3
1.000620E+2	2.998960E-2	2.251390E-4	-3.001000E-2	-4.904270E-5	1.001440E+2	1.128690E+2	1.605992E+3
1.002120E+2	2.998970E-2	2.252580E-4	-3.001020E-2	-4.932880E-5	1.002920E+2	1.129740E+2	1.608990E+3
1.003600E+2	2.998950E-2	2.272370E-4	-3.001020E-2	-5.133150E-5	1.004380E+2	1.130840E+2	1.611992E+3
1.005070E+2	2.998960E-2	2.276420E-4	-3.001000E-2	-5.013940E-5	1.005850E+2	1.131920E+2	1.614989E+3
1.006550E+2	2.998990E-2	2.252820E-4	-3.000990E-2	-5.218980E-5	1.007360E+2	1.132960E+2	1.618029E+3
1.007970E+2	2.999000E-2	2.261880E-4	-3.000970E-2	-5.161760E-5	1.008710E+2	1.134040E+2	1.620991E+3
1.009380E+2	2.999040E-2	2.246860E-4	-3.000930E-2	-5.257130E-5	1.010130E+2	1.135080E+2	1.623989E+3
1.010810E+2	2.998990E-2	2.280000E-4	-3.000940E-2	-5.054470E-5	1.011520E+2	1.135980E+2	1.626989E+3
1.012200E+2	2.998980E-2	2.274750E-4	-3.000970E-2	-5.261900E-5	1.012970E+2	1.136940E+2	1.629989E+3
1.013610E+2	2.998980E-2	2.264020E-4	-3.000980E-2	-4.973410E-5	1.014320E+2	1.137960E+2	1.632993E+3
1.015000E+2	2.998960E-2	2.301220E-4	-3.001010E-2	-5.154610E-5	1.015720E+2	1.139000E+2	1.635990E+3
1.016340E+2	2.998950E-2	2.290490E-4	-3.000990E-2	-5.548000E-5	1.017080E+2	1.140090E+2	1.638990E+3
1.017770E+2	2.998990E-2	2.287630E-4	-3.000980E-2	-4.844670E-5	1.018480E+2	1.141090E+2	1.641990E+3
1.019090E+2	2.998980E-2	2.310510E-4	-3.000990E-2	-5.168910E-5	1.019800E+2	1.142100E+2	1.644989E+3
1.020460E+2	2.998980E-2	2.292630E-4	-3.000990E-2	-5.121230E-5	1.021160E+2	1.143050E+2	1.647989E+3
1.021790E+2	2.998970E-2	2.320290E-4	-3.001020E-2	-5.409720E-5	1.022510E+2	1.143810E+2	1.651030E+3
1.023150E+2	2.998960E-2	2.303840E-4	-3.000980E-2	-5.524160E-5	1.023840E+2	1.144610E+2	1.653992E+3
1.024470E+2	2.998990E-2	2.299550E-4	-3.001000E-2	-5.397800E-5	1.025230E+2	1.145400E+2	1.656989E+3
1.025890E+2	2.998940E-2	2.331730E-4	-3.000980E-2	-5.578990E-5	1.026550E+2	1.146100E+2	1.659991E+3
1.027160E+2	2.998960E-2	2.298360E-4	-3.000990E-2	-5.846020E-5	1.027880E+2	1.147050E+2	1.662992E+3
1.028500E+2	2.998920E-2	2.300260E-4	-3.000970E-2	-5.991460E-5	1.029170E+2	1.148090E+2	1.665992E+3
1.029790E+2	2.998910E-2	2.313610E-4	-3.000990E-2	-5.888940E-5	1.030450E+2	1.149160E+2	1.668992E+3
1.031100E+2	2.998940E-2	2.305030E-4	-3.001020E-2	-5.583760E-5	1.031780E+2	1.150380E+2	1.671992E+3
1.032400E+2	2.998930E-2	2.298830E-4	-3.001040E-2	-5.595680E-5	1.033100E+2	1.151540E+2	1.674991E+3
1.033640E+2	2.998940E-2	2.300260E-4	-3.001020E-2	-6.072520E-5	1.034350E+2	1.152780E+2	1.677991E+3
1.034970E+2	2.998930E-2	2.313140E-4	-3.001040E-2	-5.855560E-5	1.035630E+2	1.153870E+2	1.680992E+3
1.036240E+2	2.998950E-2	2.303120E-4	-3.000990E-2	-6.089210E-5	1.036930E+2	1.154940E+2	1.684030E+3
1.037520E+2	2.998970E-2	2.308610E-4	-3.000960E-2	-5.707740E-5	1.038190E+2	1.156060E+2	1.686992E+3
1.038780E+2	2.998980E-2	2.332690E-4	-3.000930E-2	-5.905630E-5	1.039440E+2	1.157280E+2	1.689993E+3
1.040070E+2	2.998970E-2	2.340790E-4	-3.000960E-2	-6.001000E-5	1.040710E+2	1.158520E+2	1.692989E+3
1.041350E+2	2.998990E-2	2.337690E-4	-3.000960E-2	-5.815030E-5	1.041990E+2	1.159810E+2	1.695991E+3
1.042580E+2	2.999000E-2	2.338170E-4	-3.000960E-2	-5.755420E-5	1.043220E+2	1.161080E+2	1.698990E+3
1.043810E+2	2.998990E-2	2.353430E-4	-3.000970E-2	-5.817410E-5	1.044460E+2	1.162440E+2	1.701992E+3
1.045100E+2	2.999000E-2	2.310280E-4	-3.000970E-2	-6.058220E-5	1.045740E+2	1.163680E+2	1.704992E+3
1.046360E+2	2.998980E-2	2.344130E-4	-3.000960E-2	-6.132130E-5	1.046970E+2	1.164880E+2	1.707990E+3
1.047550E+2	2.998990E-2	2.345090E-4	-3.000950E-2	-6.058220E-5	1.048200E+2	1.166090E+2	1.710989E+3
1.048810E+2	2.998990E-2	2.335790E-4	-3.000950E-2	-6.172660E-5	1.049430E+2	1.167250E+2	1.713989E+3
1.050010E+2	2.998980E-2	2.357960E-4	-3.000970E-2	-5.919930E-5	1.050670E+2	1.168440E+2	1.717031E+3
1.051210E+2	2.999010E-2	2.337690E-4	-3.000980E-2	-6.175040E-5	1.051870E+2	1.169670E+2	1.719990E+3
1.052500E+2	2.998990E-2	2.349380E-4	-3.000980E-2	-5.948540E-5	1.053160E+2	1.170930E+2	1.722992E+3
1.053760E+2	2.998990E-2	2.372740E-4	-3.000990E-2	-6.186960E-5	1.054390E+2	1.172210E+2	1.725991E+3
1.054960E+2	2.998960E-2	2.346520E-4	-3.001000E-2	-6.287100E-5	1.055570E+2	1.173520E+2	1.728992E+3
1.056160E+2	2.999020E-2	2.356050E-4	-3.000990E-2	-6.301400E-5	1.056810E+2	1.174790E+2	1.731989E+3
1.057380E+2	2.999010E-2	2.359630E-4	-3.001030E-2	-6.167890E-5	1.058020E+2	1.176130E+2	1.734990E+3
1.058620E+2	2.998990E-2	2.369880E-4	-3.001010E-2	-6.158350E-5	1.059230E+2	1.177460E+2	1.737991E+3
1.059810E+2	2.998990E-2	2.361540E-4	-3.000990E-2	-6.289480E-5	1.060430E+2	1.178740E+2	1.740993E+3
1.061000E+2	2.998980E-2	2.380850E-4	-3.000980E-2	-6.411080E-5	1.061650E+2	1.180040E+2	1.743993E+3
1.062260E+2	2.998980E-2	2.369170E-4	-3.000990E-2	-6.234650E-5	1.062860E+2	1.181350E+2	1.746991E+3
1.063450E+2	2.999000E-2	2.346990E-4	-3.000960E-2	-6.186960E-5	1.064130E+2	1.182670E+2	1.750030E+3
1.064670E+2	2.999020E-2	2.385620E-4	-3.001010E-2	-6.330010E-5	1.065290E+2	1.183930E+2	1.752991E+3
1.065890E+2	2.999010E-2	2.406600E-4	-3.000970E-2	-6.144050E-5	1.066490E+2	1.185110E+2	1.755991E+3
1.067060E+2	2.998990E-2	2.396110E-4	-3.000970E-2	-6.232260E-5	1.067690E+2	1.186330E+2	1.758991E+3
1.068290E+2	2.999000E-2	2.400160E-4	-3.000980E-2	-6.501670E-5	1.068910E+2	1.187500E+2	1.761992E+3
1.069480E+2	2.999020E-2	2.381090E-4	-3.001010E-2	-6.737710E-5	1.070120E+2	1.188680E+2	1.764992E+3
1.070680E+2	2.998990E-2	2.388720E-4	-3.001000E-2	-6.556510E-5	1.071270E+2	1.189920E+2	1.767992E+3
1.071850E+2	2.998960E-2	2.400880E-4	-3.001000E-2	-6.182190E-5	1.072500E+2	1.191140E+2	1.770992E+3
1.073060E+2	2.998940E-2	2.375130E-4	-3.000980E-2	-6.086830E-5	1.073690E+2	1.192410E+2	1.773990E+3
1.074240E+2	2.998940E-2	2.382040E-4	-3.000980E-2	-6.525520E-5	1.074860E+2	1.193670E+2	1.776992E+3
1.075460E+2	2.998950E-2	2.389910E-4	-3.000990E-2	-6.501670E-5	1.076030E+2	1.194900E+2	1.779990E+3
1.076620E+2	2.998930E-2	2.399210E-4	-3.001020E-2	-6.730560E-5	1.077310E+2	1.196190E+2	1.783030E+3
1.077830E+2	2.998970E-2	2.367260E-4	-3.001000E-2	-6.294250E-5	1.078420E+2	1.197360E+2	1.785992E+3
1.079010E+2	2.998950E-2	2.407070E-4	-3.000990E-2	-6.775860E-5	1.079610E+2	1.198550E+2	1.788992E+3
1.080200E+2	2.998970E-2	2.384420E-4	-3.000990E-2	-6.725790E-5	1.080810E+2	1.199720E+2	1.791990E+3
1.081420E+2	2.999000E-2	2.397540E-4	-3.001010E-2	-6.711480E-5	1.081990E+2	1.200910E+2	1.794992E+3
1.082560E+2	2.998990E-2	2.378230E-4	-3.000990E-2	-6.878380E-5	1.083190E+2	1.202060E+2	1.797993E+3
1.083810E+2	2.998970E-2	2.402780E-4	-3.000970E-2	-6.496910E-5	1.084420E+2	1.203030E+2	1.800991E+3
1.084980E+2	2.998990E-2	2.389190E-4	-3.000960E-2	-6.678100E-5	1.085560E+2	1.204040E+2	1.803991E+3
1.086130E+2	2.998950E-2	2.417330E-4	-3.000980E-2	-6.635190E-5	1.086740E+2	1.205120E+2	1.806993E+3
1.087300E+2	2.998990E-2	2.438550E-4	-3.000970E-2	-6.489750E-5	1.087920E+2	1.206080E+2	1.809991E+3
1.088490E+2	2.998970E-2	2.424240E-4	-3.000980E-2	-6.716250E-5	1.089080E+2	1.207140E+2	1.812990E+3
1.089660E+2	2.999000E-2	2.416610E-4	-3.000940E-2	-6.823540E-5	1.090270E+2	1.208170E+2	1.816030E+3
1.090820E+2	2.998990E-2	2.423290E-4	-3.000950E-2	-6.835460E-5	1.091450E+2	1.209180E+2	1.818993E+3
1.091990E+2	2.998980E-2	2.424720E-4	-3.000990E-2	-6.520750E-5	1.092610E+2	1.210100E+2	1.821993E+3
1.093150E+2	2.998960E-2	2.420900E-4	-3.000990E-2	-6.694790E-5	1.093750E+2	1.211090E+2	1.824989E+3
1.094310E+2	2.998970E-2	2.421620E-4	-3.000990E-2	-6.811620E-5	1.094900E+2	1.212070E+2	1.827989E+3
1.095430E+2	2.998960E-2	2.421860E-4	-3.000950E-2	-7.123950E-5	1.096050E+2	1.213140E+2	1.830991E+3
1.096610E+2	2.998950E-2	2.415900E-4	-3.000970E-2	-6.582740E-5	1.097220E+2	1.214190E+2	1.833990E+3
1.097740E+2	2.998970E-2	2.419710E-4	-3.001010E-2	-6.647110E-5	1.098350E+2	1.215290E+2	1.836989E+3
1.098890E+2	2.998960E-2	2.475020E-4	-3.000990E-2	-6.864070E-5	1.099500E+2	1.216300E+2	1.839989E+3
1.100000E+2	2.998940E-2	2.439740E-4	-3.000960E-2	-6.947520E-5	1.100620E+2	1.217360E+2	1.842994E+3
1.101160E+2	2.998960E-2	2.430200E-4	-3.000970E-2	-7.188320E-5	1.101810E+2	1.218410E+2	1.845989E+3
1.102370E+2	2.998970E-2	2.420660E-4	-3.000950E-2	-7.088180E-5	1.102920E+2	1.219480E+2	1.849030E+3
