The operator was: Kevin
The sample measure was: YBCO
The sample was biased using: 30E-3 Amps
Comments:
heaing from 77 to 110K' 30mA

Tbefore	        I+	        V+	        I-	        V-	        Tafter	        Tbase	        Time
7.785400E+1	2.998970E-2	5.476470E-5	-3.000980E-2	1.086000E-4	7.782200E+1	8.053600E+1	1.099700E+1
7.784000E+1	2.998940E-2	5.326270E-5	-3.001030E-2	1.043080E-4	7.782300E+1	8.053900E+1	1.399700E+1
7.782300E+1	2.998950E-2	5.414490E-5	-3.001030E-2	1.024960E-4	7.783400E+1	8.053800E+1	1.699900E+1
7.782900E+1	2.998940E-2	5.416870E-5	-3.001040E-2	1.044030E-4	7.784900E+1	8.054200E+1	1.999800E+1
7.787500E+1	2.998910E-2	5.443100E-5	-3.001050E-2	1.041890E-4	7.787400E+1	8.054700E+1	2.299900E+1
7.786900E+1	2.998940E-2	5.650520E-5	-3.001030E-2	1.011610E-4	7.785700E+1	8.053600E+1	2.599800E+1
7.783100E+1	2.998970E-2	5.009170E-5	-3.001040E-2	1.048090E-4	7.782200E+1	8.052000E+1	2.816000E+1
7.784900E+1	2.998950E-2	5.426410E-5	-3.000990E-2	1.045940E-4	7.789800E+1	8.174000E+1	3.099900E+1
7.793200E+1	2.998990E-2	5.285740E-5	-3.001030E-2	1.055960E-4	7.795500E+1	8.233900E+1	3.399900E+1
7.796200E+1	2.998990E-2	4.980560E-5	-3.001060E-2	1.059770E-4	7.791400E+1	8.277200E+1	3.699800E+1
7.790400E+1	2.998960E-2	5.583760E-5	-3.001050E-2	1.035690E-4	7.787200E+1	8.314500E+1	3.999700E+1
7.781200E+1	2.998940E-2	5.016330E-5	-3.001030E-2	1.029970E-4	7.780300E+1	8.348800E+1	4.299900E+1
7.781200E+1	2.998970E-2	5.226140E-5	-3.001050E-2	1.073600E-4	7.783200E+1	8.381500E+1	4.599800E+1
7.786600E+1	2.998970E-2	5.066390E-5	-3.001030E-2	1.052140E-4	7.789900E+1	8.403900E+1	4.903700E+1
7.789400E+1	2.998950E-2	5.240440E-5	-3.001010E-2	1.053570E-4	7.785200E+1	8.418000E+1	5.199800E+1
7.779300E+1	2.998970E-2	5.514620E-5	-3.000990E-2	1.058100E-4	7.772700E+1	8.434000E+1	5.499800E+1
7.773800E+1	2.998960E-2	5.164150E-5	-3.001010E-2	1.027580E-4	7.779800E+1	8.449600E+1	5.799900E+1
7.783100E+1	2.999000E-2	5.040170E-5	-3.001030E-2	1.045940E-4	7.784300E+1	8.448300E+1	6.099900E+1
7.783500E+1	2.998960E-2	5.424020E-5	-3.001020E-2	1.057390E-4	7.780800E+1	8.445600E+1	6.399800E+1
7.780200E+1	2.999000E-2	5.495550E-5	-3.001030E-2	1.056190E-4	7.779900E+1	8.452400E+1	6.699900E+1
7.779700E+1	2.998970E-2	5.393030E-5	-3.001050E-2	1.065970E-4	7.779200E+1	8.460400E+1	6.999800E+1
7.778900E+1	2.998990E-2	5.531310E-5	-3.001070E-2	1.081710E-4	7.778500E+1	8.467100E+1	7.299800E+1
7.777600E+1	2.998980E-2	5.247590E-5	-3.001030E-2	1.105310E-4	7.777000E+1	8.472600E+1	7.599700E+1
7.777600E+1	2.998950E-2	5.209450E-5	-3.001020E-2	1.060720E-4	7.778100E+1	8.477300E+1	7.899900E+1
7.778700E+1	2.998960E-2	5.679130E-5	-3.001010E-2	1.065250E-4	7.778900E+1	8.480000E+1	8.204400E+1
7.779000E+1	2.998970E-2	5.438330E-5	-3.000980E-2	1.050950E-4	7.779400E+1	8.480900E+1	8.499700E+1
7.780300E+1	2.998990E-2	5.495550E-5	-3.000990E-2	1.036640E-4	7.781600E+1	8.480100E+1	8.799900E+1
7.779600E+1	2.999000E-2	5.164150E-5	-3.001040E-2	1.057620E-4	7.779000E+1	8.478400E+1	9.099900E+1
7.782600E+1	2.998980E-2	5.218980E-5	-3.001050E-2	1.064060E-4	7.786500E+1	8.484100E+1	9.399800E+1
7.788900E+1	2.998960E-2	5.691050E-5	-3.001020E-2	1.053810E-4	7.791000E+1	8.493700E+1	9.699800E+1
7.793200E+1	2.998970E-2	5.271430E-5	-3.001060E-2	1.077890E-4	7.791800E+1	8.507300E+1	9.999800E+1
7.792300E+1	2.998970E-2	5.204680E-5	-3.001050E-2	1.066450E-4	7.789800E+1	8.525400E+1	1.029980E+2
7.786500E+1	2.998970E-2	5.552770E-5	-3.001040E-2	1.069780E-4	7.785700E+1	8.550100E+1	1.059980E+2
7.785400E+1	2.998960E-2	5.795960E-5	-3.001030E-2	1.105070E-4	7.795100E+1	8.576800E+1	1.089970E+2
7.796900E+1	2.998970E-2	5.629060E-5	-3.001050E-2	1.089330E-4	7.791600E+1	8.590700E+1	1.119990E+2
7.789800E+1	2.998950E-2	5.614760E-5	-3.001030E-2	1.100780E-4	7.784300E+1	8.609500E+1	1.150380E+2
7.782000E+1	2.998950E-2	6.074910E-5	-3.001050E-2	1.078840E-4	7.779600E+1	8.637600E+1	1.179990E+2
7.779900E+1	2.998960E-2	5.545620E-5	-3.001030E-2	1.057150E-4	7.791200E+1	8.665900E+1	1.209970E+2
7.794700E+1	2.998960E-2	5.722050E-5	-3.001020E-2	1.077650E-4	7.792000E+1	8.678900E+1	1.239990E+2
7.783700E+1	2.998960E-2	5.838870E-5	-3.001000E-2	1.057390E-4	7.780500E+1	8.696100E+1	1.269970E+2
7.778400E+1	2.998990E-2	5.962850E-5	-3.001030E-2	1.072170E-4	7.789800E+1	8.722500E+1	1.299970E+2
7.793000E+1	2.998970E-2	5.779270E-5	-3.001030E-2	1.089570E-4	7.789000E+1	8.733300E+1	1.329980E+2
7.787900E+1	2.998980E-2	5.829330E-5	-3.001010E-2	1.075980E-4	7.778200E+1	8.746000E+1	1.359980E+2
7.772700E+1	2.998950E-2	6.117820E-5	-3.001010E-2	1.082420E-4	7.787700E+1	8.771600E+1	1.389980E+2
7.793100E+1	2.998970E-2	5.979540E-5	-3.001020E-2	1.101020E-4	7.789300E+1	8.783900E+1	1.419980E+2
7.785000E+1	2.999000E-2	6.408690E-5	-3.001020E-2	1.127960E-4	7.778900E+1	8.799200E+1	1.449980E+2
7.774200E+1	2.998980E-2	6.189350E-5	-3.000950E-2	1.119610E-4	7.788100E+1	8.823800E+1	1.480390E+2
7.791800E+1	2.999050E-2	6.158350E-5	-3.001000E-2	1.141790E-4	7.790400E+1	8.834800E+1	1.509980E+2
7.784900E+1	2.999010E-2	5.810260E-5	-3.001000E-2	1.132250E-4	7.777800E+1	8.848300E+1	1.539980E+2
7.773100E+1	2.999010E-2	6.055830E-5	-3.000990E-2	1.132250E-4	7.792900E+1	8.870500E+1	1.569980E+2
7.796000E+1	2.999010E-2	6.222720E-5	-3.000990E-2	1.153470E-4	7.789500E+1	8.880100E+1	1.599980E+2
7.778300E+1	2.998960E-2	6.268020E-5	-3.000980E-2	1.144410E-4	7.771700E+1	8.898500E+1	1.629980E+2
7.785500E+1	2.999010E-2	6.232260E-5	-3.001020E-2	1.143220E-4	7.798500E+1	8.920000E+1	1.659990E+2
7.789800E+1	2.998940E-2	6.194120E-5	-3.001010E-2	1.126290E-4	7.785300E+1	8.926500E+1	1.689980E+2
7.773000E+1	2.998940E-2	6.465910E-5	-3.001030E-2	1.136060E-4	7.771700E+1	8.946700E+1	1.719980E+2
7.796100E+1	2.998930E-2	6.177430E-5	-3.001030E-2	1.152750E-4	7.802100E+1	8.964200E+1	1.749990E+2
7.790600E+1	2.998950E-2	6.201270E-5	-3.001070E-2	1.167060E-4	7.789600E+1	8.969400E+1	1.779980E+2
7.776600E+1	2.998970E-2	6.601810E-5	-3.001000E-2	1.134400E-4	7.769400E+1	8.990000E+1	1.810460E+2
7.793000E+1	2.998970E-2	6.246570E-5	-3.000980E-2	1.148700E-4	7.798000E+1	9.010300E+1	1.839970E+2
7.787200E+1	2.998940E-2	6.217960E-5	-3.000980E-2	1.146790E-4	7.776900E+1	9.017700E+1	1.869970E+2
7.771300E+1	2.998940E-2	6.091590E-5	-3.001010E-2	1.166580E-4	7.782700E+1	9.039800E+1	1.899970E+2
7.798300E+1	2.998950E-2	6.330010E-5	-3.000990E-2	1.167300E-4	7.796200E+1	9.048700E+1	1.929980E+2
7.790200E+1	2.998950E-2	6.232260E-5	-3.000980E-2	1.176120E-4	7.776500E+1	9.055500E+1	1.959980E+2
7.771800E+1	2.998980E-2	6.713870E-5	-3.000960E-2	1.162530E-4	7.798500E+1	9.078000E+1	1.989980E+2
7.804400E+1	2.998990E-2	6.468300E-5	-3.000970E-2	1.177310E-4	7.794600E+1	9.085200E+1	2.019990E+2
7.790200E+1	2.998980E-2	6.520750E-5	-3.000990E-2	1.183750E-4	7.789500E+1	9.093000E+1	2.049990E+2
7.784800E+1	2.998970E-2	6.756780E-5	-3.001020E-2	1.177070E-4	7.783700E+1	9.116600E+1	2.079980E+2
7.816600E+1	2.998940E-2	6.468300E-5	-3.001000E-2	1.186850E-4	7.816900E+1	9.132800E+1	2.109990E+2
7.817700E+1	2.998940E-2	6.287100E-5	-3.001010E-2	1.182320E-4	7.830000E+1	9.136000E+1	2.140390E+2
7.843700E+1	2.998920E-2	6.730560E-5	-3.000990E-2	1.177070E-4	7.855300E+1	9.156000E+1	2.169970E+2
7.863700E+1	2.998930E-2	6.089210E-5	-3.001010E-2	1.173500E-4	7.871700E+1	9.173500E+1	2.199980E+2
7.877900E+1	2.998980E-2	6.043910E-5	-3.000980E-2	1.174210E-4	7.883900E+1	9.175900E+1	2.229970E+2
7.889600E+1	2.998980E-2	6.020070E-5	-3.000980E-2	1.119380E-4	7.895200E+1	9.192300E+1	2.259970E+2
7.900000E+1	2.998980E-2	6.120210E-5	-3.000990E-2	1.152520E-4	7.905800E+1	9.206100E+1	2.289970E+2
7.910400E+1	2.998930E-2	6.234650E-5	-3.001000E-2	1.170400E-4	7.915800E+1	9.207900E+1	2.319980E+2
7.920000E+1	2.998920E-2	6.086830E-5	-3.001000E-2	1.192810E-4	7.924000E+1	9.226000E+1	2.349970E+2
7.928100E+1	2.998950E-2	6.511210E-5	-3.000970E-2	1.120330E-4	7.932300E+1	9.240600E+1	2.379980E+2
7.936200E+1	2.998950E-2	6.427770E-5	-3.000980E-2	1.159190E-4	7.940800E+1	9.241800E+1	2.409970E+2
7.944500E+1	2.998940E-2	6.263260E-5	-3.001030E-2	1.133680E-4	7.947700E+1	9.260300E+1	2.439990E+2
7.950800E+1	2.998960E-2	5.893710E-5	-3.001000E-2	1.106740E-4	7.954400E+1	9.283600E+1	2.470370E+2
7.958000E+1	2.998960E-2	6.105900E-5	-3.001000E-2	1.114130E-4	7.961400E+1	9.284700E+1	2.499980E+2
7.964000E+1	2.998970E-2	5.989070E-5	-3.000950E-2	1.123430E-4	7.966900E+1	9.300400E+1	2.529990E+2
7.969200E+1	2.998970E-2	5.974770E-5	-3.000980E-2	1.102210E-4	7.972300E+1	9.322100E+1	2.559970E+2
7.974900E+1	2.998930E-2	5.669590E-5	-3.000990E-2	1.119140E-4	7.978300E+1	9.327100E+1	2.589990E+2
7.980900E+1	2.998950E-2	5.908010E-5	-3.000940E-2	1.101730E-4	7.983600E+1	9.340100E+1	2.619990E+2
7.986700E+1	2.998980E-2	6.294250E-5	-3.000980E-2	1.137260E-4	7.989700E+1	9.348000E+1	2.649990E+2
7.992300E+1	2.998980E-2	6.277560E-5	-3.001010E-2	1.120810E-4	7.994900E+1	9.352300E+1	2.680440E+2
7.997300E+1	2.999010E-2	5.953310E-5	-3.000990E-2	1.150370E-4	7.999800E+1	9.373300E+1	2.709970E+2
8.001600E+1	2.998990E-2	6.446840E-5	-3.001010E-2	1.146320E-4	8.004500E+1	9.382900E+1	2.739980E+2
8.006700E+1	2.998990E-2	6.284710E-5	-3.001010E-2	1.187560E-4	8.008600E+1	9.393800E+1	2.769970E+2
8.010800E+1	2.998980E-2	6.272790E-5	-3.000990E-2	1.125340E-4	8.013300E+1	9.412700E+1	2.800470E+2
8.015500E+1	2.998990E-2	6.299020E-5	-3.001010E-2	1.133680E-4	8.018300E+1	9.414200E+1	2.829970E+2
8.020200E+1	2.999010E-2	6.175040E-5	-3.000980E-2	1.146790E-4	8.022600E+1	9.425000E+1	2.859980E+2
8.024300E+1	2.998970E-2	6.241800E-5	-3.000990E-2	1.124380E-4	8.026900E+1	9.446800E+1	2.889980E+2
8.029400E+1	2.998980E-2	6.148820E-5	-3.000970E-2	1.137730E-4	8.032000E+1	9.446400E+1	2.919980E+2
8.034300E+1	2.998990E-2	6.446840E-5	-3.000980E-2	1.141790E-4	8.036500E+1	9.457600E+1	2.949980E+2
8.038400E+1	2.998960E-2	6.453990E-5	-3.001010E-2	1.150850E-4	8.039900E+1	9.480900E+1	2.979980E+2
8.042400E+1	2.998970E-2	6.668570E-5	-3.000980E-2	1.157760E-4	8.045300E+1	9.486700E+1	3.009980E+2
8.047500E+1	2.998940E-2	6.554130E-5	-3.001000E-2	1.185890E-4	8.049500E+1	9.486900E+1	3.039990E+2
8.051500E+1	2.998920E-2	6.613730E-5	-3.000990E-2	1.127000E-4	8.053200E+1	9.504400E+1	3.069990E+2
8.054800E+1	2.998940E-2	6.430150E-5	-3.000990E-2	1.136060E-4	8.057200E+1	9.524200E+1	3.099990E+2
8.059300E+1	2.998980E-2	6.442070E-5	-3.000990E-2	1.169680E-4	8.061600E+1	9.520500E+1	3.130390E+2
8.063600E+1	2.998960E-2	6.320480E-5	-3.001000E-2	1.161100E-4	8.065000E+1	9.528400E+1	3.159980E+2
8.066800E+1	2.998960E-2	6.887910E-5	-3.001010E-2	1.159430E-4	8.068100E+1	9.551000E+1	3.189990E+2
8.069900E+1	2.998990E-2	6.535050E-5	-3.001010E-2	1.167300E-4	8.071900E+1	9.555900E+1	3.219970E+2
8.073500E+1	2.998980E-2	6.558900E-5	-3.001030E-2	1.169200E-4	8.075200E+1	9.565600E+1	3.249970E+2
8.077200E+1	2.998950E-2	6.790160E-5	-3.001040E-2	1.176600E-4	8.079200E+1	9.582600E+1	3.279980E+2
8.080400E+1	2.998980E-2	6.458760E-5	-3.001020E-2	1.164910E-4	8.082200E+1	9.585500E+1	3.309980E+2
8.084100E+1	2.998960E-2	6.983280E-5	-3.001030E-2	1.182320E-4	8.085000E+1	9.604300E+1	3.339970E+2
8.086600E+1	2.998960E-2	6.809230E-5	-3.001010E-2	1.221180E-4	8.089000E+1	9.612500E+1	3.369990E+2
8.091000E+1	2.998930E-2	6.880760E-5	-3.001020E-2	1.213310E-4	8.092900E+1	9.610000E+1	3.399990E+2
8.094300E+1	2.998940E-2	6.935600E-5	-3.000980E-2	1.199480E-4	8.095800E+1	9.625800E+1	3.429990E+2
8.097200E+1	2.998940E-2	6.687640E-5	-3.001010E-2	1.190420E-4	8.099200E+1	9.645000E+1	3.460380E+2
8.100600E+1	2.998990E-2	6.577970E-5	-3.000990E-2	1.192570E-4	8.102200E+1	9.648100E+1	3.489990E+2
8.103600E+1	2.998970E-2	6.635190E-5	-3.000990E-2	1.166110E-4	8.104800E+1	9.667000E+1	3.519990E+2
8.106200E+1	2.998980E-2	6.499290E-5	-3.000980E-2	1.192330E-4	8.108400E+1	9.674100E+1	3.549980E+2
8.109900E+1	2.998970E-2	6.601810E-5	-3.001010E-2	1.197580E-4	8.111700E+1	9.675100E+1	3.579980E+2
8.113200E+1	2.998960E-2	6.988050E-5	-3.000980E-2	1.162050E-4	8.114500E+1	9.692200E+1	3.609980E+2
8.115900E+1	2.998950E-2	6.976130E-5	-3.001010E-2	1.205680E-4	8.117800E+1	9.709900E+1	3.639990E+2
8.119500E+1	2.998950E-2	6.926060E-5	-3.000980E-2	1.200200E-4	8.121400E+1	9.709500E+1	3.669990E+2
8.122800E+1	2.998940E-2	7.009510E-5	-3.001000E-2	1.186130E-4	8.124600E+1	9.725900E+1	3.699990E+2
8.125700E+1	2.998950E-2	6.849770E-5	-3.001010E-2	1.194000E-4	8.127800E+1	9.738900E+1	3.729990E+2
8.129600E+1	2.998950E-2	6.895070E-5	-3.001010E-2	1.191620E-4	8.131600E+1	9.734600E+1	3.759990E+2
8.133100E+1	2.998970E-2	6.482600E-5	-3.000960E-2	1.162050E-4	8.134700E+1	9.749300E+1	3.790460E+2
8.135700E+1	2.999000E-2	6.632810E-5	-3.000980E-2	1.172780E-4	8.137400E+1	9.766100E+1	3.819990E+2
8.139400E+1	2.998990E-2	7.023810E-5	-3.000960E-2	1.166820E-4	8.141000E+1	9.767500E+1	3.849990E+2
8.142400E+1	2.998990E-2	6.871220E-5	-3.000970E-2	1.188520E-4	8.143200E+1	9.784400E+1	3.879990E+2
8.145000E+1	2.998970E-2	6.575580E-5	-3.000970E-2	1.169200E-4	8.147000E+1	9.791700E+1	3.909990E+2
8.148400E+1	2.998970E-2	6.561280E-5	-3.000980E-2	1.178980E-4	8.149700E+1	9.798300E+1	3.939990E+2
8.151000E+1	2.998940E-2	6.563660E-5	-3.000990E-2	1.172540E-4	8.153000E+1	9.816200E+1	3.969980E+2
8.154600E+1	2.998960E-2	6.935600E-5	-3.000990E-2	1.194480E-4	8.156100E+1	9.817200E+1	3.999990E+2
8.157400E+1	2.999000E-2	6.952290E-5	-3.001000E-2	1.212360E-4	8.158600E+1	9.830300E+1	4.029970E+2
8.160000E+1	2.999010E-2	6.871220E-5	-3.000980E-2	1.217600E-4	8.162400E+1	9.844300E+1	4.059990E+2
8.164300E+1	2.999020E-2	6.766320E-5	-3.001030E-2	1.226430E-4	8.166400E+1	9.837900E+1	4.089980E+2
8.168000E+1	2.998990E-2	7.197860E-5	-3.001000E-2	1.218320E-4	8.169600E+1	9.850300E+1	4.120380E+2
8.170700E+1	2.998970E-2	6.935600E-5	-3.000990E-2	1.191140E-4	8.172500E+1	9.870400E+1	4.149970E+2
8.174500E+1	2.998980E-2	7.057190E-5	-3.000990E-2	1.197580E-4	8.176200E+1	9.870500E+1	4.179980E+2
8.177500E+1	2.998970E-2	7.057190E-5	-3.001010E-2	1.191620E-4	8.179100E+1	9.882800E+1	4.209980E+2
8.180600E+1	2.998980E-2	6.918910E-5	-3.001020E-2	1.199960E-4	8.182000E+1	9.896000E+1	4.239990E+2
8.183900E+1	2.998980E-2	6.847380E-5	-3.001010E-2	1.195910E-4	8.185500E+1	9.899700E+1	4.269970E+2
8.186900E+1	2.999010E-2	7.002350E-5	-3.001010E-2	1.208310E-4	8.188000E+1	9.913300E+1	4.299970E+2
8.189900E+1	2.999010E-2	7.164480E-5	-3.001010E-2	1.220230E-4	8.191900E+1	9.920500E+1	4.329990E+2
8.193300E+1	2.998980E-2	6.966590E-5	-3.001020E-2	1.257420E-4	8.194800E+1	9.926600E+1	4.359980E+2
8.196100E+1	2.999000E-2	7.026200E-5	-3.001010E-2	1.253600E-4	8.197500E+1	9.942900E+1	4.389990E+2
8.199300E+1	2.998970E-2	7.157330E-5	-3.001020E-2	1.268860E-4	8.200900E+1	9.945500E+1	4.419990E+2
8.202300E+1	2.998960E-2	7.240770E-5	-3.001000E-2	1.218800E-4	8.203600E+1	9.956900E+1	4.450380E+2
8.204900E+1	2.998970E-2	6.837850E-5	-3.001010E-2	1.215460E-4	8.207300E+1	9.966700E+1	4.479970E+2
8.208800E+1	2.998950E-2	7.061960E-5	-3.001000E-2	1.215930E-4	8.210400E+1	9.961900E+1	4.509990E+2
8.212200E+1	2.998960E-2	6.935600E-5	-3.000990E-2	1.181360E-4	8.213800E+1	9.974500E+1	4.539990E+2
8.214400E+1	2.998970E-2	6.828310E-5	-3.000950E-2	1.186130E-4	8.216400E+1	9.989400E+1	4.569980E+2
8.217800E+1	2.999000E-2	6.875990E-5	-3.000970E-2	1.206160E-4	8.220100E+1	9.980100E+1	4.599980E+2
8.220900E+1	2.998990E-2	7.205010E-5	-3.000990E-2	1.204730E-4	8.222400E+1	9.991600E+1	4.629970E+2
8.223200E+1	2.998960E-2	6.985660E-5	-3.000970E-2	1.224520E-4	8.224800E+1	1.000430E+2	4.659980E+2
8.226100E+1	2.998940E-2	6.656650E-5	-3.000980E-2	1.189230E-4	8.227800E+1	9.993400E+1	4.689970E+2
8.229300E+1	2.998940E-2	6.890300E-5	-3.000990E-2	1.223560E-4	8.230300E+1	9.998100E+1	4.719970E+2
8.231000E+1	2.998960E-2	7.219320E-5	-3.001000E-2	1.204970E-4	8.231600E+1	1.001230E+2	4.749990E+2
8.232700E+1	2.998970E-2	7.138250E-5	-3.000970E-2	1.198050E-4	8.234900E+1	1.000580E+2	4.780480E+2
8.235900E+1	2.998980E-2	6.854530E-5	-3.000980E-2	1.205680E-4	8.237600E+1	9.997700E+1	4.809990E+2
8.238300E+1	2.998960E-2	7.181170E-5	-3.000980E-2	1.239780E-4	8.239200E+1	1.000770E+2	4.839980E+2
8.239700E+1	2.998980E-2	6.871220E-5	-3.000960E-2	1.187560E-4	8.241900E+1	1.000970E+2	4.869970E+2
8.243400E+1	2.998980E-2	7.014270E-5	-3.000970E-2	1.207110E-4	8.245100E+1	9.993400E+1	4.899970E+2
8.245800E+1	2.999000E-2	7.162090E-5	-3.000930E-2	1.208070E-4	8.246500E+1	1.000130E+2	4.929980E+2
8.247000E+1	2.998980E-2	7.209780E-5	-3.000960E-2	1.209740E-4	8.248000E+1	1.001290E+2	4.959980E+2
8.249000E+1	2.998980E-2	7.159710E-5	-3.000950E-2	1.234290E-4	8.250400E+1	1.000200E+2	4.989980E+2
8.251200E+1	2.998970E-2	7.081030E-5	-3.000970E-2	1.232860E-4	8.252100E+1	9.996800E+1	5.019970E+2
8.252600E+1	2.998970E-2	7.348060E-5	-3.000980E-2	1.195910E-4	8.253100E+1	1.000820E+2	5.049980E+2
8.254200E+1	2.998940E-2	6.973740E-5	-3.000990E-2	1.224990E-4	8.255000E+1	1.000600E+2	5.079980E+2
8.256300E+1	2.998970E-2	7.307530E-5	-3.001000E-2	1.225230E-4	8.256900E+1	9.998500E+1	5.110370E+2
8.257300E+1	2.998990E-2	7.059570E-5	-3.001010E-2	1.222130E-4	8.257700E+1	1.000830E+2	5.139990E+2
8.258700E+1	2.999020E-2	7.219320E-5	-3.001020E-2	1.229050E-4	8.260200E+1	9.999400E+1	5.169980E+2
8.260700E+1	2.998980E-2	7.364750E-5	-3.000990E-2	1.224040E-4	8.261400E+1	9.993800E+1	5.199970E+2
8.261800E+1	2.998970E-2	7.121560E-5	-3.000990E-2	1.235490E-4	8.262100E+1	1.000530E+2	5.229980E+2
8.262100E+1	2.998960E-2	6.976130E-5	-3.001000E-2	1.186370E-4	8.262700E+1	1.001190E+2	5.259980E+2
8.263800E+1	2.998940E-2	6.954670E-5	-3.001030E-2	1.234530E-4	8.265000E+1	9.994400E+1	5.289980E+2
8.265100E+1	2.998980E-2	7.143020E-5	-3.001020E-2	1.236680E-4	8.265600E+1	9.996800E+1	5.319980E+2
8.266300E+1	2.998990E-2	7.011890E-5	-3.001020E-2	1.215930E-4	8.266300E+1	1.000820E+2	5.349980E+2
8.267100E+1	2.998950E-2	7.371900E-5	-3.001010E-2	1.218320E-4	8.268100E+1	9.999400E+1	5.379970E+2
8.268500E+1	2.998950E-2	7.138250E-5	-3.001020E-2	1.242640E-4	8.268800E+1	1.000220E+2	5.409980E+2
8.269100E+1	2.998990E-2	7.052420E-5	-3.000980E-2	1.192330E-4	8.269800E+1	1.000580E+2	5.440380E+2
8.271300E+1	2.999010E-2	6.935600E-5	-3.000980E-2	1.209260E-4	8.271800E+1	9.989300E+1	5.469970E+2
8.272400E+1	2.999020E-2	7.126330E-5	-3.000990E-2	1.219510E-4	8.272600E+1	9.996800E+1	5.499980E+2
8.272600E+1	2.998990E-2	7.328990E-5	-3.000980E-2	1.220460E-4	8.273000E+1	1.000860E+2	5.529980E+2
8.273500E+1	2.999000E-2	7.023810E-5	-3.000990E-2	1.233340E-4	8.274000E+1	1.000110E+2	5.559970E+2
8.274700E+1	2.999000E-2	7.236000E-5	-3.001000E-2	1.232390E-4	8.275400E+1	9.997900E+1	5.589970E+2
8.275300E+1	2.998950E-2	6.761550E-5	-3.000980E-2	1.204490E-4	8.275300E+1	1.000610E+2	5.619990E+2
8.276200E+1	2.999000E-2	7.073880E-5	-3.000960E-2	1.224760E-4	8.277300E+1	9.996200E+1	5.649970E+2
8.277800E+1	2.999010E-2	7.131100E-5	-3.000940E-2	1.244780E-4	8.278000E+1	9.993900E+1	5.679980E+2
8.278300E+1	2.999000E-2	7.023810E-5	-3.000960E-2	1.222850E-4	8.277900E+1	1.000550E+2	5.709970E+2
8.279100E+1	2.999010E-2	6.649490E-5	-3.001000E-2	1.202110E-4	8.280000E+1	1.000110E+2	5.739990E+2
8.280200E+1	2.998990E-2	7.557870E-5	-3.000970E-2	1.202340E-4	8.281100E+1	9.991800E+1	5.770470E+2
8.281700E+1	2.998970E-2	6.845000E-5	-3.000990E-2	1.233100E-4	8.281700E+1	1.000180E+2	5.799990E+2
8.281900E+1	2.998970E-2	7.033350E-5	-3.000980E-2	1.221660E-4	8.282700E+1	1.000760E+2	5.829990E+2
8.283700E+1	2.999000E-2	7.162090E-5	-3.000970E-2	1.198290E-4	8.284900E+1	9.994400E+1	5.859980E+2
8.285000E+1	2.998980E-2	7.183550E-5	-3.000970E-2	1.209740E-4	8.285400E+1	1.000330E+2	5.889970E+2
8.285600E+1	2.999020E-2	6.914140E-5	-3.000970E-2	1.225710E-4	8.286900E+1	1.000860E+2	5.919980E+2
8.287000E+1	2.999010E-2	7.269380E-5	-3.001000E-2	1.245740E-4	8.287900E+1	9.996700E+1	5.949970E+2
8.288300E+1	2.998970E-2	7.195470E-5	-3.000990E-2	1.218800E-4	8.288900E+1	9.999500E+1	5.979990E+2
8.289200E+1	2.998970E-2	7.038120E-5	-3.000960E-2	1.206160E-4	8.289600E+1	1.000880E+2	6.009990E+2
8.290400E+1	2.999000E-2	7.212160E-5	-3.000980E-2	1.222610E-4	8.291800E+1	9.993100E+1	6.039980E+2
8.292800E+1	2.999000E-2	6.980900E-5	-3.001000E-2	1.235490E-4	8.293500E+1	9.992600E+1	6.069970E+2
8.293600E+1	2.999000E-2	7.312300E-5	-3.000980E-2	1.213070E-4	8.293700E+1	1.000480E+2	6.100390E+2
8.293900E+1	2.999020E-2	6.957050E-5	-3.000990E-2	1.225950E-4	8.294800E+1	1.000740E+2	6.129970E+2
8.295800E+1	2.999030E-2	7.174010E-5	-3.000980E-2	1.211400E-4	8.296600E+1	9.992300E+1	6.159990E+2
8.297300E+1	2.998990E-2	7.016660E-5	-3.000970E-2	1.233100E-4	8.297300E+1	9.999100E+1	6.189990E+2
8.297600E+1	2.999010E-2	6.723400E-5	-3.000970E-2	1.194000E-4	8.298200E+1	1.000940E+2	6.219980E+2
8.299000E+1	2.999000E-2	6.654260E-5	-3.000980E-2	1.218080E-4	8.299900E+1	9.997100E+1	6.249970E+2
8.300300E+1	2.998990E-2	6.887910E-5	-3.001040E-2	1.230960E-4	8.300600E+1	1.000110E+2	6.279980E+2
8.300800E+1	2.998970E-2	7.140640E-5	-3.001030E-2	1.222130E-4	8.301900E+1	1.000600E+2	6.309970E+2
8.302500E+1	2.998920E-2	7.007120E-5	-3.001020E-2	1.209500E-4	8.303100E+1	9.991100E+1	6.339980E+2
8.303800E+1	2.998960E-2	7.438660E-5	-3.000990E-2	1.243350E-4	8.304400E+1	9.997300E+1	6.369990E+2
8.304500E+1	2.998990E-2	7.152560E-5	-3.000990E-2	1.202820E-4	8.304900E+1	1.000860E+2	6.399980E+2
8.306100E+1	2.998990E-2	7.317070E-5	-3.000960E-2	1.191620E-4	8.306800E+1	9.996600E+1	6.430380E+2
8.307600E+1	2.999000E-2	6.680490E-5	-3.000990E-2	1.220460E-4	8.308500E+1	9.998500E+1	6.459980E+2
8.308500E+1	2.999020E-2	7.011890E-5	-3.000960E-2	1.208070E-4	8.309400E+1	1.000700E+2	6.489970E+2
8.310800E+1	2.999000E-2	7.026200E-5	-3.000970E-2	1.202110E-4	8.312100E+1	9.991900E+1	6.519980E+2
8.312800E+1	2.998970E-2	7.159710E-5	-3.000990E-2	1.214270E-4	8.314300E+1	9.994200E+1	6.549990E+2
8.314900E+1	2.999000E-2	7.183550E-5	-3.000980E-2	1.216650E-4	8.315300E+1	1.000610E+2	6.579980E+2
8.316200E+1	2.998960E-2	6.880760E-5	-3.000990E-2	1.204970E-4	8.317000E+1	1.000750E+2	6.609980E+2
8.318900E+1	2.998950E-2	6.930830E-5	-3.001030E-2	1.217370E-4	8.320300E+1	9.993600E+1	6.639990E+2
8.321900E+1	2.998980E-2	7.033350E-5	-3.001040E-2	1.212120E-4	8.323400E+1	9.998000E+1	6.669970E+2
8.324200E+1	2.998950E-2	7.016660E-5	-3.001010E-2	1.209500E-4	8.325900E+1	1.000640E+2	6.699980E+2
8.327400E+1	2.998960E-2	6.887910E-5	-3.001020E-2	1.210210E-4	8.329500E+1	9.994300E+1	6.729970E+2
8.331000E+1	2.998940E-2	6.933210E-5	-3.001000E-2	1.183510E-4	8.333100E+1	9.998100E+1	6.760470E+2
8.334700E+1	2.998970E-2	6.928440E-5	-3.000990E-2	1.189950E-4	8.337100E+1	1.000590E+2	6.789980E+2
8.339700E+1	2.998990E-2	6.718640E-5	-3.001030E-2	1.191380E-4	8.341700E+1	9.989400E+1	6.819990E+2
8.344400E+1	2.998960E-2	6.916520E-5	-3.001000E-2	1.178980E-4	8.346800E+1	9.994500E+1	6.849970E+2
8.349100E+1	2.998970E-2	6.730560E-5	-3.001010E-2	1.235010E-4	8.351100E+1	1.000760E+2	6.879980E+2
8.353500E+1	2.998970E-2	6.785390E-5	-3.000970E-2	1.193280E-4	8.356500E+1	1.000350E+2	6.909970E+2
8.359400E+1	2.998970E-2	7.004740E-5	-3.000980E-2	1.190190E-4	8.362100E+1	9.993500E+1	6.939980E+2
8.364700E+1	2.998950E-2	7.154940E-5	-3.000980E-2	1.190420E-4	8.367600E+1	1.000220E+2	6.969980E+2
8.370600E+1	2.998940E-2	7.035730E-5	-3.001000E-2	1.216410E-4	8.374400E+1	1.000670E+2	6.999970E+2
8.377800E+1	2.998940E-2	7.433890E-5	-3.001010E-2	1.202110E-4	8.381000E+1	9.997400E+1	7.029980E+2
8.384300E+1	2.998950E-2	7.164480E-5	-3.001020E-2	1.245260E-4	8.387400E+1	1.000540E+2	7.059980E+2
8.391700E+1	2.998980E-2	7.312300E-5	-3.000970E-2	1.225230E-4	8.396700E+1	9.998800E+1	7.090380E+2
8.400600E+1	2.999000E-2	7.164480E-5	-3.001000E-2	1.231670E-4	8.405300E+1	9.995900E+1	7.119980E+2
8.409700E+1	2.999010E-2	7.209780E-5	-3.000990E-2	1.207350E-4	8.414100E+1	1.000640E+2	7.149980E+2
8.419800E+1	2.999010E-2	7.185940E-5	-3.000960E-2	1.223800E-4	8.425700E+1	9.994100E+1	7.179970E+2
8.430700E+1	2.998990E-2	7.278920E-5	-3.000980E-2	1.261950E-4	8.436400E+1	9.992500E+1	7.209980E+2
8.441700E+1	2.998990E-2	7.066730E-5	-3.000970E-2	1.240730E-4	8.447300E+1	1.000480E+2	7.239990E+2
8.453600E+1	2.999000E-2	7.443430E-5	-3.001010E-2	1.262430E-4	8.460500E+1	1.000120E+2	7.269980E+2
8.466900E+1	2.998980E-2	7.326600E-5	-3.001030E-2	1.257900E-4	8.473400E+1	9.991300E+1	7.299990E+2
8.479600E+1	2.998980E-2	7.495880E-5	-3.001010E-2	1.242640E-4	8.485800E+1	1.000220E+2	7.329990E+2
8.492100E+1	2.998970E-2	7.262230E-5	-3.001010E-2	1.230240E-4	8.499300E+1	1.000750E+2	7.359980E+2
8.506300E+1	2.998980E-2	6.988050E-5	-3.001030E-2	1.242160E-4	8.514000E+1	9.993600E+1	7.389980E+2
8.520600E+1	2.998960E-2	7.073880E-5	-3.000970E-2	1.227380E-4	8.528000E+1	9.997600E+1	7.420380E+2
8.533800E+1	2.998970E-2	7.164480E-5	-3.000990E-2	1.215460E-4	8.541400E+1	1.000730E+2	7.449970E+2
8.548900E+1	2.998960E-2	6.921290E-5	-3.001020E-2	1.217600E-4	8.556800E+1	9.991000E+1	7.479980E+2
8.563600E+1	2.998960E-2	6.773470E-5	-3.001000E-2	1.215930E-4	8.570700E+1	9.994200E+1	7.509980E+2
8.576700E+1	2.998970E-2	7.274150E-5	-3.001020E-2	1.228330E-4	8.584100E+1	1.000680E+2	7.539990E+2
8.591100E+1	2.998980E-2	6.906990E-5	-3.000990E-2	1.207830E-4	8.599100E+1	1.000160E+2	7.569990E+2
8.606000E+1	2.998960E-2	6.835460E-5	-3.001040E-2	1.209740E-4	8.613300E+1	9.990100E+1	7.599980E+2
8.619700E+1	2.998960E-2	7.004740E-5	-3.001040E-2	1.188990E-4	8.626600E+1	1.000040E+2	7.629970E+2
8.633300E+1	2.998930E-2	6.875990E-5	-3.001030E-2	1.155140E-4	8.640300E+1	1.000940E+2	7.659980E+2
8.647100E+1	2.998930E-2	6.685260E-5	-3.001020E-2	1.164910E-4	8.654800E+1	9.997400E+1	7.689980E+2
8.661000E+1	2.998970E-2	6.551740E-5	-3.001030E-2	1.189950E-4	8.667900E+1	9.998700E+1	7.719970E+2
8.674300E+1	2.998950E-2	6.663800E-5	-3.000970E-2	1.164670E-4	8.681900E+1	1.000840E+2	7.750490E+2
8.688900E+1	2.998980E-2	6.473060E-5	-3.000970E-2	1.168250E-4	8.695400E+1	9.991500E+1	7.779990E+2
8.702500E+1	2.998950E-2	6.468300E-5	-3.000980E-2	1.162050E-4	8.708900E+1	9.994600E+1	7.809980E+2
8.714900E+1	2.998950E-2	6.556510E-5	-3.000980E-2	1.137020E-4	8.721500E+1	1.000650E+2	7.839980E+2
8.727900E+1	2.998950E-2	6.296630E-5	-3.000970E-2	1.122240E-4	8.734800E+1	1.000320E+2	7.869980E+2
8.740800E+1	2.998950E-2	6.494520E-5	-3.000940E-2	1.145120E-4	8.747400E+1	1.000130E+2	7.899970E+2
8.753600E+1	2.998930E-2	6.325250E-5	-3.000970E-2	1.146320E-4	8.760400E+1	1.000810E+2	7.929970E+2
8.766900E+1	2.998980E-2	6.225110E-5	-3.000980E-2	1.115080E-4	8.773200E+1	9.994100E+1	7.959970E+2
8.779400E+1	2.998970E-2	6.411080E-5	-3.000980E-2	1.100780E-4	8.785100E+1	1.000120E+2	7.989980E+2
8.791000E+1	2.998990E-2	6.349090E-5	-3.000990E-2	1.133920E-4	8.797600E+1	1.000690E+2	8.019980E+2
8.804100E+1	2.998970E-2	6.062980E-5	-3.001010E-2	1.136060E-4	8.809800E+1	9.990500E+1	8.049970E+2
8.815700E+1	2.999000E-2	6.332400E-5	-3.000980E-2	1.142260E-4	8.821800E+1	9.998000E+1	8.080390E+2
8.826700E+1	2.998970E-2	6.039140E-5	-3.000980E-2	1.161810E-4	8.833000E+1	1.000870E+2	8.109980E+2
8.838800E+1	2.998940E-2	6.058220E-5	-3.001000E-2	1.124140E-4	8.844600E+1	9.994300E+1	8.139980E+2
8.849800E+1	2.998960E-2	6.170270E-5	-3.000980E-2	1.123190E-4	8.855600E+1	9.997000E+1	8.169970E+2
8.860500E+1	2.998970E-2	6.320480E-5	-3.000940E-2	1.133440E-4	8.866300E+1	1.000830E+2	8.199990E+2
8.871500E+1	2.998990E-2	6.430150E-5	-3.000950E-2	1.131530E-4	8.877200E+1	9.998400E+1	8.229990E+2
8.882500E+1	2.999010E-2	6.463530E-5	-3.000990E-2	1.135830E-4	8.887900E+1	9.998700E+1	8.259980E+2
8.892500E+1	2.998950E-2	6.067750E-5	-3.000980E-2	1.134160E-4	8.898300E+1	1.000780E+2	8.289980E+2
8.903800E+1	2.998930E-2	6.387230E-5	-3.000980E-2	1.120330E-4	8.909100E+1	9.990400E+1	8.319970E+2
8.914100E+1	2.998950E-2	6.062980E-5	-3.000990E-2	1.137020E-4	8.918600E+1	9.992700E+1	8.349990E+2
8.923700E+1	2.998940E-2	6.365780E-5	-3.000990E-2	1.141310E-4	8.928400E+1	1.000530E+2	8.379980E+2
8.933000E+1	2.998960E-2	6.265640E-5	-3.000970E-2	1.125810E-4	8.939000E+1	1.000600E+2	8.410380E+2
8.943600E+1	2.998960E-2	6.546970E-5	-3.000970E-2	1.092670E-4	8.948400E+1	9.993800E+1	8.439980E+2
8.952600E+1	2.998970E-2	6.222720E-5	-3.000980E-2	1.133440E-4	8.957700E+1	1.000260E+2	8.469990E+2
8.962200E+1	2.998970E-2	6.222720E-5	-3.000960E-2	1.137020E-4	8.967600E+1	1.000520E+2	8.499990E+2
8.971900E+1	2.998940E-2	6.270410E-5	-3.000990E-2	1.104830E-4	8.976700E+1	9.992200E+1	8.529980E+2
8.981100E+1	2.998940E-2	6.260870E-5	-3.000990E-2	1.104350E-4	8.985200E+1	1.000220E+2	8.559990E+2
8.989900E+1	2.998940E-2	6.160740E-5	-3.001010E-2	1.089330E-4	8.994500E+1	1.000690E+2	8.589990E+2
8.999000E+1	2.998920E-2	6.153580E-5	-3.000980E-2	1.099110E-4	9.003600E+1	9.989900E+1	8.619970E+2
9.007600E+1	2.998920E-2	6.020070E-5	-3.000990E-2	1.093390E-4	9.012000E+1	9.997500E+1	8.649980E+2
9.016100E+1	2.998900E-2	6.077290E-5	-3.001020E-2	1.093390E-4	9.020400E+1	1.000970E+2	8.679980E+2
9.024600E+1	2.998900E-2	6.225110E-5	-3.001030E-2	1.111750E-4	9.029000E+1	1.000370E+2	8.709980E+2
9.033300E+1	2.998940E-2	6.077290E-5	-3.001020E-2	1.065250E-4	9.037500E+1	9.995500E+1	8.740500E+2
9.041200E+1	2.998940E-2	6.101130E-5	-3.001000E-2	1.084800E-4	9.045300E+1	1.000460E+2	8.769990E+2
9.049000E+1	2.998960E-2	6.124970E-5	-3.001000E-2	1.081230E-4	9.053800E+1	1.000220E+2	8.799990E+2
9.057400E+1	2.998980E-2	6.206040E-5	-3.000960E-2	1.070500E-4	9.061700E+1	9.996500E+1	8.829980E+2
9.065800E+1	2.998980E-2	6.012920E-5	-3.000990E-2	1.093150E-4	9.069600E+1	1.000380E+2	8.859980E+2
9.073400E+1	2.998970E-2	6.189350E-5	-3.000980E-2	1.059770E-4	9.077600E+1	9.996600E+1	8.889970E+2
9.081300E+1	2.999010E-2	6.449220E-5	-3.000990E-2	1.043800E-4	9.085300E+1	1.000430E+2	8.919980E+2
9.089300E+1	2.998970E-2	6.377700E-5	-3.000990E-2	1.064300E-4	9.094200E+1	9.999900E+1	8.949980E+2
9.097200E+1	2.998960E-2	6.573200E-5	-3.000960E-2	1.051190E-4	9.101100E+1	9.990800E+1	8.979980E+2
9.105000E+1	2.998980E-2	6.418230E-5	-3.000950E-2	1.047850E-4	9.108900E+1	1.000190E+2	9.009970E+2
9.112300E+1	2.998970E-2	6.704330E-5	-3.000950E-2	1.052140E-4	9.116500E+1	1.000630E+2	9.039970E+2
9.120400E+1	2.998960E-2	6.642340E-5	-3.000960E-2	9.927750E-5	9.124100E+1	9.998500E+1	9.070390E+2
9.127600E+1	2.998960E-2	6.303790E-5	-3.001010E-2	1.013520E-4	9.131400E+1	1.000230E+2	9.099970E+2
9.135100E+1	2.998960E-2	6.296630E-5	-3.001010E-2	9.961130E-5	9.139400E+1	9.999100E+1	9.129970E+2
9.142900E+1	2.998960E-2	6.444450E-5	-3.001000E-2	9.832380E-5	9.146200E+1	9.999900E+1	9.159970E+2
9.150100E+1	2.998970E-2	6.487370E-5	-3.000980E-2	1.016140E-4	9.153700E+1	1.000980E+2	9.189980E+2
9.157200E+1	2.998970E-2	7.040500E-5	-3.000970E-2	9.670260E-5	9.161300E+1	9.995200E+1	9.219980E+2
9.164500E+1	2.999000E-2	6.718640E-5	-3.000990E-2	9.880070E-5	9.168000E+1	9.998300E+1	9.249990E+2
9.171200E+1	2.998960E-2	6.551740E-5	-3.001020E-2	9.720330E-5	9.175300E+1	1.000870E+2	9.279980E+2
9.179000E+1	2.998950E-2	6.797310E-5	-3.001030E-2	9.663110E-5	9.183100E+1	9.995400E+1	9.309990E+2
9.186100E+1	2.998980E-2	7.026200E-5	-3.001000E-2	9.531980E-5	9.189500E+1	9.998500E+1	9.339980E+2
9.192800E+1	2.998960E-2	6.904600E-5	-3.001010E-2	9.503360E-5	9.196700E+1	1.000080E+2	9.369990E+2
9.199700E+1	2.998960E-2	6.957050E-5	-3.000960E-2	9.198190E-5	9.203600E+1	9.994700E+1	9.400390E+2
9.206600E+1	2.998990E-2	6.995200E-5	-3.001000E-2	9.431840E-5	9.210000E+1	1.000570E+2	9.429970E+2
9.213700E+1	2.998960E-2	6.942750E-5	-3.001030E-2	9.183880E-5	9.217300E+1	9.997600E+1	9.459980E+2
9.220600E+1	2.998950E-2	7.240770E-5	-3.000990E-2	9.317400E-5	9.223600E+1	9.991500E+1	9.489970E+2
9.227400E+1	2.999000E-2	7.011890E-5	-3.001000E-2	9.293560E-5	9.230900E+1	1.000300E+2	9.519980E+2
9.233500E+1	2.998960E-2	7.252690E-5	-3.001010E-2	9.369850E-5	9.237000E+1	1.000950E+2	9.549970E+2
9.240800E+1	2.998970E-2	7.388590E-5	-3.001010E-2	8.995530E-5	9.244100E+1	9.995400E+1	9.579990E+2
9.247400E+1	2.998980E-2	7.202630E-5	-3.000990E-2	9.021760E-5	9.251300E+1	1.000160E+2	9.609980E+2
9.253900E+1	2.998990E-2	7.534030E-5	-3.001020E-2	9.160040E-5	9.257600E+1	1.000560E+2	9.639970E+2
9.261300E+1	2.998980E-2	7.572170E-5	-3.001020E-2	8.747580E-5	9.264700E+1	9.993600E+1	9.669980E+2
9.267600E+1	2.998950E-2	7.429120E-5	-3.000990E-2	8.676050E-5	9.270900E+1	1.000220E+2	9.699970E+2
9.273800E+1	2.998930E-2	7.493500E-5	-3.001060E-2	8.645060E-5	9.277300E+1	1.001070E+2	9.730500E+2
9.280200E+1	2.998970E-2	7.612710E-5	-3.001010E-2	8.301740E-5	9.283400E+1	9.992300E+1	9.759980E+2
9.286300E+1	2.998930E-2	7.894040E-5	-3.001050E-2	8.344650E-5	9.289100E+1	9.995900E+1	9.789990E+2
9.292100E+1	2.998950E-2	8.232590E-5	-3.001020E-2	8.087160E-5	9.295300E+1	1.000480E+2	9.819980E+2
9.297500E+1	2.998970E-2	8.077620E-5	-3.001000E-2	7.743840E-5	9.300900E+1	1.000310E+2	9.849990E+2
9.303500E+1	2.998950E-2	8.172990E-5	-3.001000E-2	7.672310E-5	9.306000E+1	9.992600E+1	9.879980E+2
9.308500E+1	2.998980E-2	8.623600E-5	-3.001000E-2	7.283690E-5	9.311400E+1	1.000220E+2	9.909990E+2
9.313800E+1	2.998960E-2	9.241100E-5	-3.001010E-2	6.611350E-5	9.316900E+1	1.001170E+2	9.939990E+2
9.319700E+1	2.998980E-2	9.860990E-5	-3.001030E-2	5.543230E-5	9.322500E+1	9.991800E+1	9.969980E+2
9.324700E+1	2.998980E-2	1.123910E-4	-3.001000E-2	4.110340E-5	9.326900E+1	9.995300E+1	9.999980E+2
9.329400E+1	2.998950E-2	1.267430E-4	-3.001010E-2	2.913480E-5	9.332100E+1	1.000580E+2	1.002997E+3
9.334700E+1	2.998960E-2	1.437190E-4	-3.000970E-2	1.313690E-5	9.336900E+1	1.000460E+2	1.006039E+3
9.339600E+1	2.998980E-2	1.512050E-4	-3.000990E-2	2.050400E-6	9.342000E+1	9.992500E+1	1.008997E+3
9.344300E+1	2.998990E-2	1.567840E-4	-3.000970E-2	-4.315380E-6	9.346400E+1	1.000090E+2	1.011999E+3
9.348800E+1	2.998970E-2	1.653430E-4	-3.000980E-2	-1.020430E-5	9.351300E+1	1.000470E+2	1.014998E+3
9.353500E+1	2.998970E-2	1.709940E-4	-3.001020E-2	-1.909730E-5	9.355700E+1	9.992900E+1	1.017997E+3
9.357800E+1	2.998970E-2	1.744990E-4	-3.001000E-2	-1.831050E-5	9.360200E+1	9.999800E+1	1.020998E+3
9.362500E+1	2.998980E-2	1.776460E-4	-3.001030E-2	-1.723770E-5	9.364200E+1	1.001010E+2	1.023999E+3
9.366900E+1	2.998980E-2	1.789330E-4	-3.001060E-2	-1.969340E-5	9.369500E+1	9.996800E+1	1.026998E+3
9.371200E+1	2.998970E-2	1.804830E-4	-3.001020E-2	-2.200600E-5	9.373200E+1	9.996200E+1	1.029998E+3
9.374800E+1	2.998940E-2	1.856800E-4	-3.001020E-2	-2.377030E-5	9.377200E+1	1.000800E+2	1.032999E+3
9.379300E+1	2.998940E-2	1.850130E-4	-3.000990E-2	-2.479550E-5	9.381600E+1	9.998300E+1	1.035999E+3
9.383400E+1	2.998940E-2	1.833440E-4	-3.000960E-2	-2.777580E-5	9.385300E+1	9.990500E+1	1.039039E+3
9.387100E+1	2.998980E-2	1.815320E-4	-3.000990E-2	-2.801420E-5	9.389400E+1	1.000150E+2	1.041997E+3
9.391300E+1	2.998980E-2	1.860380E-4	-3.000980E-2	-3.271100E-5	9.393100E+1	1.000870E+2	1.044998E+3
9.395400E+1	2.998950E-2	1.879930E-4	-3.001000E-2	-3.049370E-5	9.397200E+1	9.992500E+1	1.047998E+3
9.398700E+1	2.999010E-2	1.835820E-4	-3.000970E-2	-3.418920E-5	9.400700E+1	9.996900E+1	1.050997E+3
9.402700E+1	2.998970E-2	1.858000E-4	-3.000980E-2	-3.335480E-5	9.404600E+1	1.000860E+2	1.053997E+3
9.406100E+1	2.998960E-2	1.877780E-4	-3.001050E-2	-2.956390E-5	9.408000E+1	1.000160E+2	1.056997E+3
9.410000E+1	2.998980E-2	1.879690E-4	-3.001040E-2	-2.930160E-5	9.411500E+1	1.000120E+2	1.059998E+3
9.413300E+1	2.998970E-2	1.880880E-4	-3.001050E-2	-3.120900E-5	9.415000E+1	1.000310E+2	1.062997E+3
9.417100E+1	2.998960E-2	1.888040E-4	-3.001030E-2	-3.032680E-5	9.418700E+1	9.994600E+1	1.065999E+3
9.419800E+1	2.998950E-2	1.925470E-4	-3.001040E-2	-3.309250E-5	9.421500E+1	1.000380E+2	1.068998E+3
9.423200E+1	2.998960E-2	1.923560E-4	-3.001020E-2	-3.252030E-5	9.425100E+1	1.000600E+2	1.072051E+3
9.426700E+1	2.998960E-2	1.880170E-4	-3.000980E-2	-3.411770E-5	9.428200E+1	9.994200E+1	1.074998E+3
9.430100E+1	2.998970E-2	1.877550E-4	-3.001000E-2	-3.378390E-5	9.431200E+1	1.000240E+2	1.077999E+3
9.433000E+1	2.998960E-2	1.879690E-4	-3.001030E-2	-3.273490E-5	9.435000E+1	1.000540E+2	1.080998E+3
9.436200E+1	2.998930E-2	1.918320E-4	-3.001010E-2	-3.309250E-5	9.437700E+1	9.995900E+1	1.083997E+3
9.439300E+1	2.998920E-2	1.902340E-4	-3.001010E-2	-3.573890E-5	9.440600E+1	1.000040E+2	1.086998E+3
9.442000E+1	2.998910E-2	1.931670E-4	-3.001000E-2	-3.364090E-5	9.444000E+1	1.000360E+2	1.089998E+3
9.445300E+1	2.998920E-2	1.946450E-4	-3.000980E-2	-3.430840E-5	9.446700E+1	9.994300E+1	1.092998E+3
9.447900E+1	2.998940E-2	1.894950E-4	-3.000990E-2	-3.113750E-5	9.449600E+1	9.998600E+1	1.095997E+3
9.450900E+1	2.998940E-2	1.940010E-4	-3.000980E-2	-3.414150E-5	9.452400E+1	1.000910E+2	1.098998E+3
9.453900E+1	2.998940E-2	1.926900E-4	-3.001000E-2	-3.776550E-5	9.455300E+1	9.994600E+1	1.101998E+3
9.456700E+1	2.998970E-2	1.933810E-4	-3.000960E-2	-3.757480E-5	9.458100E+1	9.998200E+1	1.105039E+3
9.458900E+1	2.999000E-2	1.938100E-4	-3.000950E-2	-3.623960E-5	9.460800E+1	1.000820E+2	1.107999E+3
9.462000E+1	2.999010E-2	1.954320E-4	-3.000980E-2	-3.640650E-5	9.463600E+1	9.999600E+1	1.110999E+3
9.464900E+1	2.999000E-2	1.972440E-4	-3.000990E-2	-3.659730E-5	9.466200E+1	9.998500E+1	1.113997E+3
9.467100E+1	2.998980E-2	1.939770E-4	-3.000980E-2	-3.631120E-5	9.468500E+1	1.000550E+2	1.116998E+3
9.470000E+1	2.998950E-2	1.971720E-4	-3.001020E-2	-3.776550E-5	9.471300E+1	9.995400E+1	1.119998E+3
9.472400E+1	2.998960E-2	1.940250E-4	-3.001020E-2	-3.366470E-5	9.473800E+1	9.995000E+1	1.122997E+3
9.475000E+1	2.998960E-2	1.944300E-4	-3.001040E-2	-3.297330E-5	9.476500E+1	1.000560E+2	1.125997E+3
9.477400E+1	2.998950E-2	1.951930E-4	-3.001020E-2	-3.621580E-5	9.478500E+1	9.998500E+1	1.128999E+3
9.479700E+1	2.998960E-2	1.945970E-4	-3.001020E-2	-3.628730E-5	9.481000E+1	1.000040E+2	1.131998E+3
9.482100E+1	2.998960E-2	1.951220E-4	-3.001020E-2	-3.364090E-5	9.483700E+1	1.000470E+2	1.134999E+3
9.484600E+1	2.998980E-2	1.973630E-4	-3.001000E-2	-3.759860E-5	9.485900E+1	9.992400E+1	1.138039E+3
9.486700E+1	2.998950E-2	1.981260E-4	-3.001020E-2	-3.695490E-5	9.487900E+1	9.998500E+1	1.140998E+3
9.489000E+1	2.998930E-2	1.959320E-4	-3.000980E-2	-3.919600E-5	9.490200E+1	1.000920E+2	1.143997E+3
9.491300E+1	2.998950E-2	1.957660E-4	-3.000990E-2	-3.817080E-5	9.492300E+1	9.998800E+1	1.146999E+3
9.493400E+1	2.998970E-2	1.976490E-4	-3.000990E-2	-3.833770E-5	9.494500E+1	9.996800E+1	1.149998E+3
9.495600E+1	2.998960E-2	1.956940E-4	-3.000950E-2	-3.912450E-5	9.496400E+1	1.000690E+2	1.152999E+3
9.497700E+1	2.998960E-2	1.961470E-4	-3.000980E-2	-3.824230E-5	9.498900E+1	9.999100E+1	1.155998E+3
9.500000E+1	2.998940E-2	1.971480E-4	-3.000960E-2	-3.936290E-5	9.500800E+1	9.993200E+1	1.158998E+3
9.501800E+1	2.998980E-2	1.971720E-4	-3.000970E-2	-3.943440E-5	9.502900E+1	1.000350E+2	1.161997E+3
9.503700E+1	2.998960E-2	1.961950E-4	-3.000990E-2	-3.535750E-5	9.505200E+1	1.000980E+2	1.164999E+3
9.505600E+1	2.998960E-2	1.992460E-4	-3.000990E-2	-3.881450E-5	9.507100E+1	9.993300E+1	1.167998E+3
9.508000E+1	2.998940E-2	1.958850E-4	-3.001010E-2	-4.236700E-5	9.509000E+1	9.999200E+1	1.171052E+3
9.509500E+1	2.998990E-2	1.973870E-4	-3.001030E-2	-3.719330E-5	9.510900E+1	1.000810E+2	1.173998E+3
9.512000E+1	2.998980E-2	1.942160E-4	-3.000990E-2	-4.136560E-5	9.512800E+1	9.994600E+1	1.176998E+3
9.513800E+1	2.998960E-2	1.972680E-4	-3.000990E-2	-4.417900E-5	9.514600E+1	9.991400E+1	1.179997E+3
9.515400E+1	2.998960E-2	1.956460E-4	-3.001000E-2	-4.115100E-5	9.516100E+1	1.000300E+2	1.182999E+3
9.517100E+1	2.999010E-2	1.964570E-4	-3.001000E-2	-4.150870E-5	9.518100E+1	1.000830E+2	1.185998E+3
9.518900E+1	2.998970E-2	1.963140E-4	-3.001040E-2	-4.055500E-5	9.519800E+1	9.993800E+1	1.188999E+3
9.521000E+1	2.998960E-2	1.946930E-4	-3.001050E-2	-4.055500E-5	9.521800E+1	1.000050E+2	1.191998E+3
9.522000E+1	2.998950E-2	1.957890E-4	-3.001040E-2	-4.167560E-5	9.523100E+1	1.001070E+2	1.194998E+3
9.524300E+1	2.998920E-2	1.966240E-4	-3.001000E-2	-4.100800E-5	9.525200E+1	1.000340E+2	1.197997E+3
9.526000E+1	2.998950E-2	1.955030E-4	-3.001000E-2	-4.253390E-5	9.526900E+1	9.999900E+1	1.200997E+3
9.527900E+1	2.998960E-2	1.996990E-4	-3.001010E-2	-4.255770E-5	9.528600E+1	1.000750E+2	1.204039E+3
9.529700E+1	2.998980E-2	1.979590E-4	-3.001040E-2	-4.041190E-5	9.530500E+1	1.001540E+2	1.206997E+3
9.531200E+1	2.998970E-2	1.966710E-4	-3.001050E-2	-3.931520E-5	9.532600E+1	1.002020E+2	1.209997E+3
9.533100E+1	2.998950E-2	1.985310E-4	-3.001050E-2	-4.174710E-5	9.534000E+1	1.002240E+2	1.212997E+3
9.535100E+1	2.998920E-2	1.990560E-4	-3.001060E-2	-4.277230E-5	9.536300E+1	1.002300E+2	1.215998E+3
9.536900E+1	2.998930E-2	1.977920E-4	-3.001040E-2	-4.246240E-5	9.538300E+1	1.002180E+2	1.218997E+3
9.539200E+1	2.998910E-2	1.982930E-4	-3.001010E-2	-3.826620E-5	9.540400E+1	1.002080E+2	1.221997E+3
9.541700E+1	2.998960E-2	1.987460E-4	-3.001030E-2	-3.976820E-5	9.542600E+1	1.001900E+2	1.224999E+3
9.543800E+1	2.998960E-2	1.974580E-4	-3.001010E-2	-4.277230E-5	9.545000E+1	1.001730E+2	1.227998E+3
9.546000E+1	2.998970E-2	1.980780E-4	-3.001020E-2	-4.239080E-5	9.547000E+1	1.001480E+2	1.230999E+3
9.548400E+1	2.998960E-2	2.022980E-4	-3.001040E-2	-3.893380E-5	9.549900E+1	1.001320E+2	1.233998E+3
9.550600E+1	2.998950E-2	1.985550E-4	-3.001010E-2	-4.196170E-5	9.552000E+1	1.000990E+2	1.237039E+3
9.553100E+1	2.998990E-2	2.023460E-4	-3.000990E-2	-4.112720E-5	9.554100E+1	1.000730E+2	1.239998E+3
9.555500E+1	2.998970E-2	1.982450E-4	-3.000970E-2	-4.370210E-5	9.556600E+1	1.000500E+2	1.242998E+3
9.557800E+1	2.998980E-2	2.002000E-4	-3.000960E-2	-4.138950E-5	9.559000E+1	1.000320E+2	1.245997E+3
9.560100E+1	2.999000E-2	1.997230E-4	-3.000960E-2	-3.995900E-5	9.561300E+1	1.000240E+2	1.248997E+3
9.562300E+1	2.998980E-2	2.014400E-4	-3.000930E-2	-4.432200E-5	9.564000E+1	1.000280E+2	1.251999E+3
9.564900E+1	2.998990E-2	2.019880E-4	-3.001010E-2	-4.165170E-5	9.566200E+1	1.000150E+2	1.254997E+3
9.567200E+1	2.998950E-2	2.015830E-4	-3.001020E-2	-4.329680E-5	9.568100E+1	1.000120E+2	1.257997E+3
9.569400E+1	2.998970E-2	2.014160E-4	-3.001020E-2	-4.041190E-5	9.570700E+1	1.000100E+2	1.260997E+3
9.571700E+1	2.998940E-2	2.058270E-4	-3.001020E-2	-4.048350E-5	9.573000E+1	1.000080E+2	1.263999E+3
9.574100E+1	2.998950E-2	2.038000E-4	-3.001010E-2	-4.305840E-5	9.575100E+1	1.000090E+2	1.266998E+3
9.576400E+1	2.998970E-2	1.981970E-4	-3.001020E-2	-4.270080E-5	9.577500E+1	1.000100E+2	1.270052E+3
9.578400E+1	2.998980E-2	1.991990E-4	-3.001060E-2	-4.174710E-5	9.579500E+1	1.000100E+2	1.272999E+3
9.580500E+1	2.998980E-2	2.004390E-4	-3.001060E-2	-4.441740E-5	9.581800E+1	1.000080E+2	1.275999E+3
9.582900E+1	2.998980E-2	1.992940E-4	-3.001030E-2	-4.303460E-5	9.583800E+1	1.000080E+2	1.278998E+3
9.584600E+1	2.998970E-2	1.981020E-4	-3.001040E-2	-4.227160E-5	9.585900E+1	1.000110E+2	1.281998E+3
9.587100E+1	2.998950E-2	2.028230E-4	-3.001030E-2	-4.136560E-5	9.587700E+1	1.000030E+2	1.284998E+3
9.589300E+1	2.998960E-2	2.007010E-4	-3.001040E-2	-4.241470E-5	9.590000E+1	1.000040E+2	1.287997E+3
9.591100E+1	2.998940E-2	2.028230E-4	-3.001020E-2	-4.408360E-5	9.592200E+1	9.999900E+1	1.290998E+3
9.593000E+1	2.998970E-2	1.991270E-4	-3.001010E-2	-4.529950E-5	9.594300E+1	1.000040E+2	1.293998E+3
9.594900E+1	2.998910E-2	2.020600E-4	-3.001000E-2	-4.365440E-5	9.596000E+1	1.000040E+2	1.296997E+3
9.596900E+1	2.998960E-2	2.033950E-4	-3.001030E-2	-4.327300E-5	9.597900E+1	1.000060E+2	1.299997E+3
9.599100E+1	2.998940E-2	2.034660E-4	-3.001030E-2	-4.460810E-5	9.600000E+1	1.000060E+2	1.303039E+3
9.600700E+1	2.998980E-2	1.998190E-4	-3.001010E-2	-4.558560E-5	9.602200E+1	1.000050E+2	1.305999E+3
9.602700E+1	2.998970E-2	2.022030E-4	-3.001030E-2	-4.696850E-5	9.603800E+1	1.000060E+2	1.308997E+3
9.604500E+1	2.998960E-2	1.994610E-4	-3.001010E-2	-4.274850E-5	9.605900E+1	1.000040E+2	1.311997E+3
9.606800E+1	2.998990E-2	2.018450E-4	-3.001010E-2	-4.544260E-5	9.607300E+1	1.000020E+2	1.314997E+3
9.608300E+1	2.999000E-2	2.035140E-4	-3.001010E-2	-4.596710E-5	9.609300E+1	1.000010E+2	1.317999E+3
9.610200E+1	2.999000E-2	2.059700E-4	-3.000990E-2	-4.174710E-5	9.610900E+1	9.999900E+1	1.320998E+3
9.611700E+1	2.998990E-2	2.054930E-4	-3.000990E-2	-4.427430E-5	9.612900E+1	1.000000E+2	1.323998E+3
9.613600E+1	2.999020E-2	2.040860E-4	-3.001000E-2	-4.348760E-5	9.614200E+1	9.999900E+1	1.326998E+3
9.615300E+1	2.998990E-2	2.038000E-4	-3.001000E-2	-4.251000E-5	9.616000E+1	9.998100E+1	1.329997E+3
9.617200E+1	2.999000E-2	2.046820E-4	-3.001010E-2	-4.479890E-5	9.618000E+1	9.998200E+1	1.332999E+3
9.618600E+1	2.998970E-2	2.027030E-4	-3.000960E-2	-4.680160E-5	9.619500E+1	9.998700E+1	1.336040E+3
9.620500E+1	2.998980E-2	2.002000E-4	-3.000990E-2	-4.446510E-5	9.621000E+1	9.999600E+1	1.338997E+3
9.622000E+1	2.998960E-2	2.018690E-4	-3.000970E-2	-4.744530E-5	9.622800E+1	1.000020E+2	1.341999E+3
9.623400E+1	2.998990E-2	2.004620E-4	-3.001000E-2	-4.761220E-5	9.624200E+1	1.000100E+2	1.344997E+3
9.624900E+1	2.998980E-2	1.993890E-4	-3.001020E-2	-4.642010E-5	9.626100E+1	1.000130E+2	1.347997E+3
9.626600E+1	2.998960E-2	2.041340E-4	-3.000990E-2	-4.901890E-5	9.627600E+1	1.000150E+2	1.350998E+3
9.628100E+1	2.998970E-2	2.048730E-4	-3.000980E-2	-4.603860E-5	9.628700E+1	1.000210E+2	1.353998E+3
9.629600E+1	2.998970E-2	2.022030E-4	-3.000990E-2	-4.324910E-5	9.630400E+1	1.000180E+2	1.356998E+3
9.631000E+1	2.998960E-2	2.014880E-4	-3.000990E-2	-4.441740E-5	9.632100E+1	1.000150E+2	1.359998E+3
9.632500E+1	2.998960E-2	2.033710E-4	-3.000970E-2	-4.596710E-5	9.633600E+1	1.000140E+2	1.362999E+3
9.634400E+1	2.998960E-2	2.036570E-4	-3.000990E-2	-4.608630E-5	9.635000E+1	1.000130E+2	1.365998E+3
9.635400E+1	2.998950E-2	2.008200E-4	-3.000970E-2	-4.651550E-5	9.636100E+1	1.000140E+2	1.369053E+3
9.637200E+1	2.998990E-2	2.023940E-4	-3.000970E-2	-4.830360E-5	9.638000E+1	1.000100E+2	1.371998E+3
9.638800E+1	2.998980E-2	2.048020E-4	-3.001010E-2	-4.451270E-5	9.639900E+1	1.000040E+2	1.374998E+3
9.640300E+1	2.998970E-2	2.045870E-4	-3.000990E-2	-4.777910E-5	9.641000E+1	1.000040E+2	1.377997E+3
9.641500E+1	2.998990E-2	2.011780E-4	-3.000960E-2	-5.142690E-5	9.642200E+1	1.000000E+2	1.380998E+3
9.643100E+1	2.999010E-2	2.038480E-4	-3.001010E-2	-4.642010E-5	9.643200E+1	9.999600E+1	1.383997E+3
9.644000E+1	2.998990E-2	2.048730E-4	-3.001000E-2	-4.835130E-5	9.644900E+1	9.999700E+1	1.386998E+3
9.645200E+1	2.998980E-2	2.026080E-4	-3.000980E-2	-4.589560E-5	9.645700E+1	9.999700E+1	1.389998E+3
9.647300E+1	2.998990E-2	2.054210E-4	-3.001010E-2	-4.675390E-5	9.647500E+1	9.999700E+1	1.392997E+3
9.648100E+1	2.998990E-2	2.068280E-4	-3.001000E-2	-4.553790E-5	9.648700E+1	9.999900E+1	1.395999E+3
9.649500E+1	2.998990E-2	2.063270E-4	-3.000980E-2	-4.627700E-5	9.649900E+1	9.999900E+1	1.398997E+3
9.650500E+1	2.998960E-2	2.050400E-4	-3.001030E-2	-4.670620E-5	9.651600E+1	1.000010E+2	1.402040E+3
9.652100E+1	2.998970E-2	2.037290E-4	-3.001000E-2	-4.942420E-5	9.652500E+1	1.000040E+2	1.404998E+3
9.652700E+1	2.998930E-2	2.038480E-4	-3.001040E-2	-4.603860E-5	9.653800E+1	1.000040E+2	1.407999E+3
9.654200E+1	2.998970E-2	2.031090E-4	-3.001020E-2	-4.620550E-5	9.654900E+1	1.000050E+2	1.410999E+3
9.655500E+1	2.999000E-2	2.032280E-4	-3.001030E-2	-4.765990E-5	9.656000E+1	1.000040E+2	1.413998E+3
9.656500E+1	2.998980E-2	2.031800E-4	-3.001020E-2	-4.870890E-5	9.657200E+1	1.000060E+2	1.416997E+3
9.657400E+1	2.998990E-2	2.049210E-4	-3.001040E-2	-4.620550E-5	9.658000E+1	1.000020E+2	1.419997E+3
9.658900E+1	2.998960E-2	2.035620E-4	-3.001010E-2	-4.754070E-5	9.659500E+1	1.000030E+2	1.422998E+3
9.660000E+1	2.998940E-2	2.035380E-4	-3.001000E-2	-5.145070E-5	9.660700E+1	1.000030E+2	1.425998E+3
9.661100E+1	2.998980E-2	2.035860E-4	-3.001010E-2	-4.661080E-5	9.661300E+1	1.000060E+2	1.428998E+3
9.662100E+1	2.998980E-2	2.058510E-4	-3.000990E-2	-4.832740E-5	9.662700E+1	1.000050E+2	1.431998E+3
9.663300E+1	2.998950E-2	2.042530E-4	-3.000990E-2	-4.711150E-5	9.663800E+1	1.000060E+2	1.435041E+3
9.664400E+1	2.998950E-2	2.033230E-4	-3.000990E-2	-4.792210E-5	9.664800E+1	1.000030E+2	1.438000E+3
9.665500E+1	2.998970E-2	2.027750E-4	-3.000990E-2	-4.632470E-5	9.666200E+1	1.000050E+2	1.440997E+3
9.666400E+1	2.998950E-2	2.033710E-4	-3.000970E-2	-4.761220E-5	9.666900E+1	1.000020E+2	1.443998E+3
9.667800E+1	2.998920E-2	2.028940E-4	-3.001000E-2	-5.104540E-5	9.668100E+1	9.999800E+1	1.446998E+3
9.668800E+1	2.998950E-2	2.043490E-4	-3.000990E-2	-4.866120E-5	9.668900E+1	1.000040E+2	1.449998E+3
9.669400E+1	2.998930E-2	2.030610E-4	-3.001030E-2	-4.518030E-5	9.670300E+1	9.999700E+1	1.452998E+3
9.670800E+1	2.998940E-2	2.053500E-4	-3.001010E-2	-4.858970E-5	9.671300E+1	9.999500E+1	1.455999E+3
9.671400E+1	2.998950E-2	2.038000E-4	-3.001000E-2	-4.885200E-5	9.671800E+1	9.999700E+1	1.458998E+3
9.672500E+1	2.998940E-2	2.055650E-4	-3.001050E-2	-4.353520E-5	9.672900E+1	1.000000E+2	1.461999E+3
9.673300E+1	2.998940E-2	2.021550E-4	-3.001050E-2	-4.799370E-5	9.674000E+1	1.000010E+2	1.464998E+3
9.674300E+1	2.998940E-2	2.055880E-4	-3.000990E-2	-4.873280E-5	9.674500E+1	1.000030E+2	1.468054E+3
9.675400E+1	2.998990E-2	2.031090E-4	-3.001010E-2	-4.694460E-5	9.675800E+1	1.000010E+2	1.470999E+3
9.676100E+1	2.998930E-2	2.060410E-4	-3.001000E-2	-4.801750E-5	9.676800E+1	9.999700E+1	1.473997E+3
9.677200E+1	2.998930E-2	2.058270E-4	-3.001010E-2	-4.489420E-5	9.677300E+1	1.000080E+2	1.476999E+3
9.677900E+1	2.998940E-2	2.025600E-4	-3.001000E-2	-4.689690E-5	9.678500E+1	9.999900E+1	1.479998E+3
9.678900E+1	2.998960E-2	2.039910E-4	-3.000960E-2	-5.099770E-5	9.679500E+1	1.000040E+2	1.482997E+3
9.679700E+1	2.998970E-2	2.034660E-4	-3.001040E-2	-4.982950E-5	9.680000E+1	1.000010E+2	1.485997E+3
9.680500E+1	2.998960E-2	2.056600E-4	-3.001030E-2	-4.813670E-5	9.681200E+1	1.000030E+2	1.488998E+3
9.681200E+1	2.998950E-2	2.052780E-4	-3.001070E-2	-4.940030E-5	9.682000E+1	1.000010E+2	1.491999E+3
9.682500E+1	2.998930E-2	2.046350E-4	-3.001060E-2	-5.033020E-5	9.682500E+1	1.000000E+2	1.494998E+3
9.683300E+1	2.998910E-2	2.044920E-4	-3.001050E-2	-4.680160E-5	9.683400E+1	9.999900E+1	1.497997E+3
9.683600E+1	2.998930E-2	2.057550E-4	-3.001010E-2	-4.618170E-5	9.684200E+1	1.000000E+2	1.501041E+3
9.684700E+1	2.998960E-2	2.054210E-4	-3.001040E-2	-4.844670E-5	9.684900E+1	1.000030E+2	1.503999E+3
9.685600E+1	2.998920E-2	2.043010E-4	-3.001060E-2	-4.618170E-5	9.686100E+1	1.000010E+2	1.506998E+3
9.686400E+1	2.998950E-2	2.053020E-4	-3.001030E-2	-4.827980E-5	9.686400E+1	9.999800E+1	1.509998E+3
9.686800E+1	2.998970E-2	2.027030E-4	-3.001050E-2	-4.830360E-5	9.687200E+1	1.000030E+2	1.512998E+3
9.687700E+1	2.998970E-2	2.065900E-4	-3.001020E-2	-5.033020E-5	9.688400E+1	1.000020E+2	1.515999E+3
9.688300E+1	2.998990E-2	2.015110E-4	-3.001000E-2	-4.680160E-5	9.688900E+1	1.000060E+2	1.518998E+3
