The operator was: Kevin
The sample measure was: YBCO
The sample was biased using: 20E-3 Amps
Comments:
cool'ng from 80 to 150K- 20mA

Tbefore	        I+	        V+	        I-	        V-	        Tafter	        Tbase	        Time
7.856000E+1	1.998840E-2	6.146430E-5	-2.000940E-2	1.101970E-4	7.856400E+1	8.471400E+1	9.000000E+0
7.856400E+1	1.998820E-2	5.891320E-5	-2.000970E-2	1.108170E-4	7.856100E+1	8.519000E+1	1.299900E+1
7.856600E+1	1.998830E-2	5.805490E-5	-2.000950E-2	1.101490E-4	7.856400E+1	8.562000E+1	1.700000E+1
7.856200E+1	1.998850E-2	5.691050E-5	-2.000950E-2	1.080040E-4	7.856200E+1	8.602300E+1	2.100100E+1
7.857900E+1	1.998850E-2	6.089210E-5	-2.000940E-2	1.074550E-4	7.857900E+1	8.634500E+1	2.500100E+1
7.856900E+1	1.998820E-2	5.981920E-5	-2.000910E-2	1.087670E-4	7.855600E+1	8.659800E+1	2.900100E+1
7.856000E+1	1.998840E-2	6.232260E-5	-2.000910E-2	1.104120E-4	7.854800E+1	8.690600E+1	3.300000E+1
7.853100E+1	1.998850E-2	6.213190E-5	-2.000920E-2	1.124140E-4	7.850800E+1	8.734300E+1	3.700000E+1
7.847500E+1	1.998830E-2	6.518360E-5	-2.000960E-2	1.148940E-4	7.842500E+1	8.789600E+1	4.100000E+1
7.839900E+1	1.998800E-2	6.463530E-5	-2.000970E-2	1.128670E-4	7.840000E+1	8.853200E+1	4.500000E+1
7.839100E+1	1.998840E-2	6.697180E-5	-2.000960E-2	1.124140E-4	7.837500E+1	8.919000E+1	4.899900E+1
7.836900E+1	1.998820E-2	6.582740E-5	-2.000970E-2	1.185180E-4	7.836300E+1	8.984200E+1	5.300000E+1
7.835800E+1	1.998810E-2	6.778240E-5	-2.000930E-2	1.202580E-4	7.835300E+1	9.048900E+1	5.700100E+1
7.834000E+1	1.998840E-2	6.902220E-5	-2.000920E-2	1.182790E-4	7.833800E+1	9.111800E+1	6.099900E+1
7.842900E+1	1.998840E-2	6.971360E-5	-2.000930E-2	1.175400E-4	7.844500E+1	9.171200E+1	6.500100E+1
7.840600E+1	1.998850E-2	6.937980E-5	-2.000940E-2	1.236200E-4	7.841800E+1	9.229900E+1	6.900000E+1
7.837700E+1	1.998830E-2	7.176400E-5	-2.000940E-2	1.213790E-4	7.834500E+1	9.289300E+1	7.300000E+1
7.833700E+1	1.998820E-2	7.228850E-5	-2.000950E-2	1.222850E-4	7.833200E+1	9.348200E+1	7.700100E+1
7.839800E+1	1.998780E-2	7.357600E-5	-2.000970E-2	1.243350E-4	7.835300E+1	9.403600E+1	8.099900E+1
7.834700E+1	1.998830E-2	7.500650E-5	-2.000930E-2	1.247410E-4	7.837600E+1	9.461300E+1	8.499900E+1
7.838200E+1	1.998800E-2	7.636550E-5	-2.000920E-2	1.261710E-4	7.833400E+1	9.516200E+1	8.900000E+1
7.835200E+1	1.998810E-2	7.615090E-5	-2.000950E-2	1.260520E-4	7.839300E+1	9.571500E+1	9.300100E+1
7.839000E+1	1.998820E-2	8.051400E-5	-2.000960E-2	1.279830E-4	7.846400E+1	9.626200E+1	9.699900E+1
7.854200E+1	1.998850E-2	7.827280E-5	-2.000960E-2	1.312970E-4	7.875500E+1	9.680600E+1	1.010010E+2
7.896900E+1	1.998820E-2	8.423330E-5	-2.000950E-2	1.336100E-4	7.913900E+1	9.733200E+1	1.050000E+2
7.925800E+1	1.998860E-2	8.561610E-5	-2.000920E-2	1.318930E-4	7.936700E+1	9.785400E+1	1.090000E+2
7.946000E+1	1.998850E-2	8.232590E-5	-2.000940E-2	1.287940E-4	7.954800E+1	9.837000E+1	1.130000E+2
7.964300E+1	1.998830E-2	7.808210E-5	-2.000950E-2	1.278160E-4	7.974000E+1	9.888500E+1	1.170010E+2
7.983700E+1	1.998840E-2	7.619860E-5	-2.000930E-2	1.288890E-4	7.993700E+1	9.939800E+1	1.209990E+2
8.003300E+1	1.998860E-2	8.063320E-5	-2.000930E-2	1.308440E-4	8.014300E+1	9.991400E+1	1.250000E+2
8.023800E+1	1.998850E-2	7.898810E-5	-2.000890E-2	1.283410E-4	8.033500E+1	1.004150E+2	1.290010E+2
8.042100E+1	1.998890E-2	7.512570E-5	-2.000870E-2	1.267430E-4	8.051500E+1	1.009210E+2	1.330000E+2
8.059900E+1	1.998810E-2	7.729530E-5	-2.000920E-2	1.290560E-4	8.068500E+1	1.014210E+2	1.370010E+2
8.076800E+1	1.998840E-2	7.634160E-5	-2.000920E-2	1.259570E-4	8.084600E+1	1.019240E+2	1.410000E+2
8.093000E+1	1.998850E-2	7.371900E-5	-2.000930E-2	1.265760E-4	8.101300E+1	1.024070E+2	1.450010E+2
8.108200E+1	1.998850E-2	7.801060E-5	-2.000900E-2	1.274590E-4	8.115700E+1	1.028890E+2	1.490000E+2
8.123100E+1	1.998840E-2	7.939340E-5	-2.000900E-2	1.287220E-4	8.130600E+1	1.033760E+2	1.529990E+2
8.137400E+1	1.998840E-2	7.951260E-5	-2.000920E-2	1.291990E-4	8.144800E+1	1.038580E+2	1.570000E+2
8.151200E+1	1.998830E-2	8.225440E-5	-2.000960E-2	1.297710E-4	8.158400E+1	1.043360E+2	1.609990E+2
8.165500E+1	1.998820E-2	8.020400E-5	-2.000960E-2	1.302000E-4	8.172700E+1	1.048060E+2	1.650010E+2
8.179800E+1	1.998820E-2	8.213520E-5	-2.000990E-2	1.307010E-4	8.187100E+1	1.052700E+2	1.689990E+2
8.193000E+1	1.998820E-2	8.256440E-5	-2.000940E-2	1.310350E-4	8.199400E+1	1.057460E+2	1.730010E+2
8.205900E+1	1.998810E-2	8.065700E-5	-2.000970E-2	1.317740E-4	8.211900E+1	1.062130E+2	1.770000E+2
8.218100E+1	1.998830E-2	7.967950E-5	-2.000990E-2	1.288180E-4	8.225000E+1	1.066800E+2	1.810000E+2
8.230500E+1	1.998810E-2	8.666520E-5	-2.000970E-2	1.382830E-4	8.236300E+1	1.071380E+2	1.850010E+2
8.242600E+1	1.998780E-2	8.635520E-5	-2.000950E-2	1.378060E-4	8.248600E+1	1.075980E+2	1.890000E+2
8.254400E+1	1.998840E-2	8.895400E-5	-2.000960E-2	1.357320E-4	8.260400E+1	1.080520E+2	1.930010E+2
8.265800E+1	1.998840E-2	8.628370E-5	-2.000950E-2	1.394510E-4	8.272100E+1	1.085080E+2	1.970010E+2
8.277800E+1	1.998830E-2	8.931160E-5	-2.000940E-2	1.363990E-4	8.283900E+1	1.089560E+2	2.010000E+2
8.289800E+1	1.998840E-2	8.695130E-5	-2.000970E-2	1.409050E-4	8.295000E+1	1.093940E+2	2.049990E+2
8.301400E+1	1.998830E-2	9.393690E-5	-2.000910E-2	1.350880E-4	8.307500E+1	1.098320E+2	2.090000E+2
8.312900E+1	1.998850E-2	8.878710E-5	-2.000910E-2	1.378540E-4	8.318800E+1	1.102810E+2	2.130010E+2
8.325100E+1	1.998810E-2	9.217260E-5	-2.000910E-2	1.394750E-4	8.331100E+1	1.107090E+2	2.169990E+2
8.337400E+1	1.998840E-2	9.152890E-5	-2.000910E-2	1.429080E-4	8.343000E+1	1.111490E+2	2.210010E+2
8.348900E+1	1.998830E-2	9.224410E-5	-2.000930E-2	1.391170E-4	8.354200E+1	1.115860E+2	2.250010E+2
8.359800E+1	1.998830E-2	9.214880E-5	-2.000920E-2	1.422880E-4	8.366100E+1	1.120080E+2	2.289990E+2
8.371200E+1	1.998800E-2	9.160040E-5	-2.000930E-2	1.437660E-4	8.376500E+1	1.124440E+2	2.330000E+2
8.382600E+1	1.998810E-2	9.329320E-5	-2.000950E-2	1.407150E-4	8.388200E+1	1.128680E+2	2.370010E+2
8.393600E+1	1.998820E-2	9.567740E-5	-2.000980E-2	1.420020E-4	8.398800E+1	1.132860E+2	2.410000E+2
8.404600E+1	1.998850E-2	9.467600E-5	-2.000930E-2	1.472000E-4	8.410500E+1	1.137110E+2	2.450000E+2
8.416100E+1	1.998820E-2	9.560590E-5	-2.000940E-2	1.438860E-4	8.422600E+1	1.141220E+2	2.490000E+2
8.427900E+1	1.998800E-2	9.765630E-5	-2.000930E-2	1.449350E-4	8.434200E+1	1.145450E+2	2.530000E+2
8.440000E+1	1.998840E-2	9.391310E-5	-2.000980E-2	1.507520E-4	8.446000E+1	1.149440E+2	2.570000E+2
8.451700E+1	1.998800E-2	9.982590E-5	-2.000980E-2	1.451250E-4	8.456700E+1	1.153550E+2	2.610000E+2
8.461600E+1	1.998840E-2	9.856220E-5	-2.000940E-2	1.483920E-4	8.467400E+1	1.157700E+2	2.650010E+2
8.472600E+1	1.998840E-2	9.913440E-5	-2.000930E-2	1.486540E-4	8.477700E+1	1.161740E+2	2.689990E+2
8.483000E+1	1.998840E-2	9.827610E-5	-2.000950E-2	1.485590E-4	8.489100E+1	1.165770E+2	2.730000E+2
8.495000E+1	1.998830E-2	9.949210E-5	-2.000940E-2	1.505140E-4	8.500900E+1	1.169840E+2	2.770010E+2
8.506100E+1	1.998810E-2	1.014470E-4	-2.000960E-2	1.518730E-4	8.512100E+1	1.173730E+2	2.810000E+2
8.517400E+1	1.998810E-2	1.026390E-4	-2.000980E-2	1.494410E-4	8.522900E+1	1.177790E+2	2.850010E+2
8.527900E+1	1.998830E-2	1.024250E-4	-2.000980E-2	1.487970E-4	8.532700E+1	1.181750E+2	2.890010E+2
8.537100E+1	1.998840E-2	1.034020E-4	-2.000990E-2	1.531600E-4	8.542700E+1	1.185770E+2	2.930010E+2
8.548200E+1	1.998820E-2	1.041410E-4	-2.000970E-2	1.516820E-4	8.554000E+1	1.189680E+2	2.970010E+2
8.559900E+1	1.998820E-2	1.017090E-4	-2.000970E-2	1.520630E-4	8.565400E+1	1.193520E+2	3.010010E+2
8.570400E+1	1.998820E-2	1.031160E-4	-2.000970E-2	1.517770E-4	8.575200E+1	1.197310E+2	3.049990E+2
8.580300E+1	1.998820E-2	1.060490E-4	-2.000990E-2	1.540660E-4	8.585000E+1	1.201170E+2	3.089990E+2
8.589800E+1	1.998820E-2	1.039980E-4	-2.000950E-2	1.555440E-4	8.595400E+1	1.205100E+2	3.130000E+2
8.601600E+1	1.998820E-2	1.019240E-4	-2.000980E-2	1.508470E-4	8.607000E+1	1.208890E+2	3.170000E+2
8.612500E+1	1.998830E-2	1.057150E-4	-2.000950E-2	1.567600E-4	8.617500E+1	1.212720E+2	3.209990E+2
8.622800E+1	1.998840E-2	1.023290E-4	-2.000950E-2	1.519200E-4	8.628200E+1	1.216500E+2	3.249990E+2
8.633200E+1	1.998820E-2	1.046900E-4	-2.000910E-2	1.527550E-4	8.637700E+1	1.220370E+2	3.290010E+2
8.642800E+1	1.998850E-2	1.016860E-4	-2.000950E-2	1.547810E-4	8.647200E+1	1.224230E+2	3.330010E+2
8.652000E+1	1.998850E-2	1.032590E-4	-2.000950E-2	1.556630E-4	8.657400E+1	1.227960E+2	3.370010E+2
8.662600E+1	1.998830E-2	1.056190E-4	-2.000960E-2	1.513720E-4	8.668300E+1	1.231700E+2	3.410000E+2
8.673700E+1	1.998830E-2	1.067400E-4	-2.000950E-2	1.572130E-4	8.679400E+1	1.235380E+2	3.450000E+2
8.684400E+1	1.998870E-2	1.046660E-4	-2.001010E-2	1.544240E-4	8.690100E+1	1.239010E+2	3.490000E+2
8.694700E+1	1.998820E-2	1.071450E-4	-2.000940E-2	1.543520E-4	8.699800E+1	1.242810E+2	3.530010E+2
8.705200E+1	1.998840E-2	1.055480E-4	-2.000990E-2	1.551150E-4	8.710300E+1	1.246370E+2	3.570000E+2
8.715400E+1	1.998870E-2	1.059060E-4	-2.000940E-2	1.559260E-4	8.720800E+1	1.250050E+2	3.610010E+2
8.725900E+1	1.998840E-2	1.080510E-4	-2.000970E-2	1.560690E-4	8.731500E+1	1.253700E+2	3.649990E+2
8.736900E+1	1.998830E-2	1.078370E-4	-2.000980E-2	1.600500E-4	8.742700E+1	1.257360E+2	3.689990E+2
8.748800E+1	1.998820E-2	1.085520E-4	-2.000980E-2	1.583810E-4	8.755000E+1	1.261030E+2	3.730000E+2
8.760800E+1	1.998870E-2	1.087900E-4	-2.000990E-2	1.599310E-4	8.767500E+1	1.264740E+2	3.770010E+2
8.773200E+1	1.998840E-2	1.092670E-4	-2.001010E-2	1.576420E-4	8.779100E+1	1.268280E+2	3.809990E+2
8.785000E+1	1.998850E-2	1.046180E-4	-2.000970E-2	1.569990E-4	8.790900E+1	1.271880E+2	3.850000E+2
8.797800E+1	1.998830E-2	1.089570E-4	-2.000930E-2	1.590250E-4	8.805000E+1	1.275550E+2	3.890010E+2
8.811900E+1	1.998850E-2	1.058580E-4	-2.000950E-2	1.585250E-4	8.818800E+1	1.279060E+2	3.930000E+2
8.825800E+1	1.998840E-2	1.103400E-4	-2.000970E-2	1.603600E-4	8.833500E+1	1.282670E+2	3.969990E+2
8.841100E+1	1.998840E-2	1.150130E-4	-2.000980E-2	1.608370E-4	8.849400E+1	1.286200E+2	4.010000E+2
8.857900E+1	1.998840E-2	1.087190E-4	-2.000980E-2	1.617910E-4	8.868400E+1	1.289800E+2	4.050010E+2
8.878800E+1	1.998840E-2	1.126050E-4	-2.000940E-2	1.606230E-4	8.890000E+1	1.293220E+2	4.090000E+2
8.899800E+1	1.998850E-2	1.111980E-4	-2.000940E-2	1.605510E-4	8.911300E+1	1.296640E+2	4.130000E+2
8.922100E+1	1.998840E-2	1.113410E-4	-2.000940E-2	1.617190E-4	8.934600E+1	1.300150E+2	4.169990E+2
8.946800E+1	1.998810E-2	1.157760E-4	-2.000990E-2	1.641990E-4	8.960900E+1	1.303690E+2	4.210000E+2
8.974700E+1	1.998840E-2	1.129870E-4	-2.000950E-2	1.641990E-4	8.989400E+1	1.307180E+2	4.250000E+2
9.005400E+1	1.998850E-2	1.139880E-4	-2.000930E-2	1.647950E-4	9.022700E+1	1.310660E+2	4.290000E+2
9.039900E+1	1.998840E-2	1.186370E-4	-2.000910E-2	1.655580E-4	9.059100E+1	1.314090E+2	4.330000E+2
9.078000E+1	1.998870E-2	1.180410E-4	-2.000910E-2	1.703260E-4	9.099800E+1	1.317580E+2	4.370010E+2
9.121700E+1	1.998820E-2	1.163240E-4	-2.000960E-2	1.664880E-4	9.145100E+1	1.321060E+2	4.410010E+2
9.168600E+1	1.998820E-2	1.178260E-4	-2.000960E-2	1.653430E-4	9.194000E+1	1.324480E+2	4.449990E+2
9.218900E+1	1.998810E-2	1.176120E-4	-2.000970E-2	1.676800E-4	9.246600E+1	1.327950E+2	4.489990E+2
9.273000E+1	1.998820E-2	1.211400E-4	-2.000960E-2	1.663210E-4	9.300900E+1	1.331440E+2	4.530010E+2
9.327100E+1	1.998820E-2	1.210690E-4	-2.000950E-2	1.643900E-4	9.356200E+1	1.334840E+2	4.570010E+2
9.383200E+1	1.998840E-2	1.227620E-4	-2.000970E-2	1.505140E-4	9.412200E+1	1.338270E+2	4.610000E+2
9.439900E+1	1.998810E-2	1.297710E-4	-2.000980E-2	1.322980E-4	9.469400E+1	1.341800E+2	4.650010E+2
9.497400E+1	1.998790E-2	1.522060E-4	-2.000990E-2	1.099590E-4	9.526600E+1	1.345250E+2	4.690000E+2
9.554600E+1	1.998830E-2	1.750710E-4	-2.001000E-2	7.956030E-5	9.584000E+1	1.348700E+2	4.730010E+2
9.611800E+1	1.998790E-2	1.956940E-4	-2.001000E-2	5.917550E-5	9.641600E+1	1.352150E+2	4.770010E+2
9.670100E+1	1.998830E-2	2.021310E-4	-2.000970E-2	5.824570E-5	9.699600E+1	1.355590E+2	4.809990E+2
9.727000E+1	1.998830E-2	2.033230E-4	-2.000990E-2	5.369190E-5	9.756000E+1	1.359060E+2	4.850010E+2
9.783600E+1	1.998840E-2	2.047060E-4	-2.000950E-2	5.390640E-5	9.812300E+1	1.362510E+2	4.890000E+2
9.839800E+1	1.998860E-2	2.053500E-4	-2.000950E-2	4.944800E-5	9.868900E+1	1.365980E+2	4.930010E+2
9.896100E+1	1.998840E-2	2.078060E-4	-2.000960E-2	4.584790E-5	9.923800E+1	1.369420E+2	4.970000E+2
9.950300E+1	1.998840E-2	2.056600E-4	-2.000930E-2	4.458430E-5	9.978000E+1	1.372950E+2	5.010000E+2
1.000480E+2	1.998890E-2	2.075910E-4	-2.000920E-2	4.267690E-5	1.003210E+2	1.376350E+2	5.050000E+2
1.005830E+2	1.998870E-2	2.064230E-4	-2.000940E-2	4.334450E-5	1.008540E+2	1.379790E+2	5.089990E+2
1.011170E+2	1.998840E-2	2.099510E-4	-2.000930E-2	4.000660E-5	1.013930E+2	1.383240E+2	5.130000E+2
1.016510E+2	1.998860E-2	2.105240E-4	-2.000920E-2	4.146100E-5	1.019240E+2	1.386640E+2	5.170010E+2
1.021740E+2	1.998840E-2	2.091880E-4	-2.000930E-2	3.986360E-5	1.024450E+2	1.390040E+2	5.210000E+2
1.026860E+2	1.998820E-2	2.113580E-4	-2.000960E-2	3.738400E-5	1.029520E+2	1.393540E+2	5.250000E+2
1.031990E+2	1.998850E-2	2.110480E-4	-2.000920E-2	3.495220E-5	1.034650E+2	1.396990E+2	5.290010E+2
1.037160E+2	1.998830E-2	2.098080E-4	-2.000950E-2	3.254410E-5	1.039790E+2	1.400410E+2	5.329990E+2
1.042220E+2	1.998830E-2	2.129550E-4	-2.000950E-2	3.225800E-5	1.044880E+2	1.403880E+2	5.370000E+2
1.047390E+2	1.998860E-2	2.115960E-4	-2.000950E-2	3.468990E-5	1.050040E+2	1.407340E+2	5.410000E+2
1.052510E+2	1.998850E-2	2.122880E-4	-2.000950E-2	3.349780E-5	1.055090E+2	1.410720E+2	5.449990E+2
1.057580E+2	1.998840E-2	2.096410E-4	-2.000990E-2	2.763270E-5	1.060190E+2	1.414160E+2	5.490000E+2
1.062690E+2	1.998850E-2	2.106430E-4	-2.000990E-2	2.810960E-5	1.065240E+2	1.417620E+2	5.530000E+2
1.067790E+2	1.998850E-2	2.118350E-4	-2.000990E-2	2.722740E-5	1.070460E+2	1.421040E+2	5.569990E+2
1.072960E+2	1.998820E-2	2.098560E-4	-2.000990E-2	2.534390E-5	1.075520E+2	1.424460E+2	5.610010E+2
1.078010E+2	1.998820E-2	2.128120E-4	-2.000980E-2	2.479550E-5	1.080600E+2	1.427860E+2	5.649990E+2
1.083120E+2	1.998810E-2	2.134320E-4	-2.001000E-2	2.074240E-5	1.085730E+2	1.431290E+2	5.690000E+2
1.088270E+2	1.998840E-2	2.139570E-4	-2.000970E-2	2.331730E-5	1.090920E+2	1.434720E+2	5.730010E+2
1.093470E+2	1.998830E-2	2.104760E-4	-2.000960E-2	2.272130E-5	1.096030E+2	1.438130E+2	5.770000E+2
1.098480E+2	1.998850E-2	2.136710E-4	-2.000960E-2	1.871590E-5	1.101060E+2	1.441460E+2	5.810010E+2
1.103480E+2	1.998820E-2	2.141710E-4	-2.000940E-2	1.800060E-5	1.106020E+2	1.444870E+2	5.850000E+2
1.108460E+2	1.998830E-2	2.119780E-4	-2.000940E-2	1.757150E-5	1.111000E+2	1.448250E+2	5.889990E+2
1.113330E+2	1.998830E-2	2.150540E-4	-2.000950E-2	1.842980E-5	1.115820E+2	1.451670E+2	5.930000E+2
1.118140E+2	1.998840E-2	2.159120E-4	-2.000940E-2	1.614090E-5	1.120620E+2	1.455000E+2	5.970000E+2
1.122910E+2	1.998840E-2	2.155300E-4	-2.000970E-2	1.547340E-5	1.125360E+2	1.458430E+2	6.010010E+2
1.127650E+2	1.998860E-2	2.186540E-4	-2.000940E-2	1.521110E-5	1.130110E+2	1.461780E+2	6.050010E+2
1.132350E+2	1.998850E-2	2.166990E-4	-2.000930E-2	1.609330E-5	1.134700E+2	1.465140E+2	6.090000E+2
1.136860E+2	1.998860E-2	2.178430E-4	-2.000950E-2	1.220700E-5	1.139240E+2	1.468510E+2	6.130010E+2
1.141420E+2	1.998810E-2	2.175570E-4	-2.000960E-2	1.802440E-5	1.143750E+2	1.471910E+2	6.170000E+2
1.145920E+2	1.998840E-2	2.170560E-4	-2.000950E-2	1.389980E-5	1.148240E+2	1.475210E+2	6.210010E+2
1.150440E+2	1.998830E-2	2.173190E-4	-2.000940E-2	1.158710E-5	1.152720E+2	1.478570E+2	6.250000E+2
1.154860E+2	1.998830E-2	2.170090E-4	-2.000980E-2	1.437660E-5	1.157100E+2	1.481880E+2	6.289990E+2
1.159230E+2	1.998790E-2	2.194880E-4	-2.000960E-2	1.521110E-5	1.161540E+2	1.485260E+2	6.330010E+2
1.163610E+2	1.998830E-2	2.166510E-4	-2.000990E-2	1.413820E-5	1.165840E+2	1.488590E+2	6.369990E+2
1.167850E+2	1.998830E-2	2.193690E-4	-2.000950E-2	1.368520E-5	1.170040E+2	1.491910E+2	6.410010E+2
1.172100E+2	1.998790E-2	2.199410E-4	-2.000950E-2	1.211170E-5	1.174340E+2	1.495200E+2	6.449990E+2
1.176380E+2	1.998820E-2	2.194880E-4	-2.000980E-2	9.536740E-6	1.178570E+2	1.497900E+2	6.490010E+2
1.180580E+2	1.998810E-2	2.186300E-4	-2.000940E-2	1.111030E-5	1.182800E+2	1.499900E+2	6.530010E+2
1.184770E+2	1.998890E-2	2.190110E-4	-2.000940E-2	8.583070E-6	1.186860E+2	1.501270E+2	6.570010E+2
1.188940E+2	1.998860E-2	2.204420E-4	-2.000920E-2	8.893010E-6	1.191070E+2	1.502140E+2	6.610000E+2
1.192990E+2	1.998830E-2	2.187010E-4	-2.000960E-2	9.322170E-6	1.195080E+2	1.502500E+2	6.650000E+2
1.197050E+2	1.998820E-2	2.187490E-4	-2.000950E-2	9.346010E-6	1.199060E+2	1.502670E+2	6.690000E+2
1.200990E+2	1.998840E-2	2.186780E-4	-2.000940E-2	5.555150E-6	1.203080E+2	1.502570E+2	6.730000E+2
1.205040E+2	1.998840E-2	2.217770E-4	-2.000960E-2	7.295610E-6	1.207030E+2	1.502410E+2	6.770000E+2
1.208880E+2	1.998800E-2	2.191540E-4	-2.000950E-2	4.220010E-6	1.210840E+2	1.502160E+2	6.810000E+2
1.212740E+2	1.998840E-2	2.165790E-4	-2.000930E-2	5.602840E-6	1.214690E+2	1.501890E+2	6.850010E+2
1.216520E+2	1.998830E-2	2.200840E-4	-2.000950E-2	6.127360E-6	1.218420E+2	1.501600E+2	6.890010E+2
1.220230E+2	1.998840E-2	2.171990E-4	-2.000940E-2	2.884860E-6	1.222140E+2	1.501340E+2	6.930010E+2
1.223890E+2	1.998840E-2	2.184150E-4	-2.000950E-2	3.480910E-6	1.225790E+2	1.501060E+2	6.970000E+2
1.227540E+2	1.998840E-2	2.203700E-4	-2.000960E-2	7.081030E-6	1.229380E+2	1.500930E+2	7.010000E+2
1.231100E+2	1.998860E-2	2.187970E-4	-2.000970E-2	2.098080E-6	1.232880E+2	1.500680E+2	7.050000E+2
1.234560E+2	1.998850E-2	2.201320E-4	-2.000950E-2	2.074240E-6	1.236350E+2	1.500560E+2	7.090010E+2
1.238000E+2	1.998860E-2	2.188920E-4	-2.000920E-2	-6.198880E-7	1.239800E+2	1.500460E+2	7.130000E+2
1.241420E+2	1.998820E-2	2.166270E-4	-2.000970E-2	-1.645090E-6	1.243120E+2	1.500330E+2	7.170000E+2
1.244760E+2	1.998830E-2	2.191780E-4	-2.000970E-2	-2.598760E-6	1.246400E+2	1.500280E+2	7.209990E+2
1.248020E+2	1.998810E-2	2.197740E-4	-2.000940E-2	-3.051760E-6	1.249660E+2	1.500260E+2	7.249990E+2
1.251200E+2	1.998870E-2	2.188680E-4	-2.000970E-2	-3.504750E-6	1.252840E+2	1.500200E+2	7.289990E+2
1.254390E+2	1.998840E-2	2.159120E-4	-2.000940E-2	-3.290180E-6	1.255970E+2	1.500170E+2	7.330010E+2
1.257500E+2	1.998830E-2	2.161500E-4	-2.000920E-2	-3.981590E-6	1.259090E+2	1.500170E+2	7.370010E+2
1.260580E+2	1.998810E-2	2.179150E-4	-2.000930E-2	-1.788140E-6	1.262130E+2	1.500130E+2	7.410010E+2
1.263570E+2	1.998850E-2	2.175330E-4	-2.000910E-2	-4.863740E-6	1.265100E+2	1.500150E+2	7.449990E+2
1.266570E+2	1.998850E-2	2.184870E-4	-2.000940E-2	-6.294250E-6	1.268120E+2	1.500080E+2	7.490000E+2
1.269460E+2	1.998840E-2	2.192740E-4	-2.000920E-2	-4.339220E-6	1.270920E+2	1.500130E+2	7.530000E+2
1.272350E+2	1.998820E-2	2.194170E-4	-2.000870E-2	-6.914140E-6	1.273780E+2	1.500120E+2	7.569990E+2
1.275170E+2	1.998850E-2	2.169130E-4	-2.000890E-2	-7.653240E-6	1.276620E+2	1.500120E+2	7.610010E+2
1.277930E+2	1.998860E-2	2.210860E-4	-2.000870E-2	-9.274480E-6	1.279360E+2	1.500110E+2	7.650010E+2
1.280710E+2	1.998840E-2	2.172710E-4	-2.000910E-2	-9.512900E-6	1.282160E+2	1.500130E+2	7.690010E+2
1.283440E+2	1.998840E-2	2.154350E-4	-2.000920E-2	-9.012220E-6	1.284770E+2	1.500060E+2	7.730010E+2
1.286030E+2	1.998850E-2	2.181050E-4	-2.000930E-2	-8.797650E-6	1.287440E+2	1.500090E+2	7.770010E+2
1.288680E+2	1.998810E-2	2.176050E-4	-2.000920E-2	-1.134870E-5	1.290000E+2	1.500130E+2	7.809990E+2
1.291250E+2	1.998840E-2	2.174850E-4	-2.000880E-2	-1.337530E-5	1.292580E+2	1.500150E+2	7.850000E+2
1.293760E+2	1.998820E-2	2.146960E-4	-2.000910E-2	-9.775160E-6	1.295090E+2	1.500120E+2	7.890000E+2
1.296270E+2	1.998810E-2	2.156970E-4	-2.000960E-2	-9.155270E-6	1.297540E+2	1.500150E+2	7.930000E+2
1.298720E+2	1.998790E-2	2.157930E-4	-2.000920E-2	-1.006130E-5	1.299970E+2	1.500100E+2	7.970000E+2
1.301140E+2	1.998800E-2	2.172710E-4	-2.000900E-2	-1.354220E-5	1.302410E+2	1.500120E+2	8.010010E+2
1.303560E+2	1.998830E-2	2.167460E-4	-2.000940E-2	-1.060960E-5	1.304760E+2	1.500100E+2	8.050000E+2
