The operator was: Kevin
The sample measure was: YBCO
The sample was biased using: 30E-3 Amps
Comments:
w'th magneic field

Tbefore	        I+	        V+	        I-	        V-	        Tafter	        Tbase	        Time
1.015250E+2	2.998950E-2	2.170320E-4	-3.000990E-2	-6.093980E-5	1.015330E+2	1.050040E+2	2.100000E+1
1.015460E+2	2.998950E-2	2.200600E-4	-3.000960E-2	-6.275180E-5	1.015580E+2	1.050000E+2	2.400100E+1
1.015620E+2	2.998960E-2	2.195840E-4	-3.000990E-2	-5.910400E-5	1.015740E+2	1.050020E+2	2.700100E+1
1.015890E+2	2.998930E-2	2.183440E-4	-3.001000E-2	-6.828310E-5	1.015990E+2	1.049910E+2	2.911300E+1
1.016110E+2	2.998940E-2	2.220630E-4	-3.000980E-2	-6.194120E-5	1.016230E+2	1.049250E+2	3.199900E+1
1.016310E+2	2.998950E-2	2.179620E-4	-3.000990E-2	-6.306170E-5	1.016390E+2	1.048680E+2	3.499900E+1
1.016510E+2	2.998940E-2	2.214430E-4	-3.001000E-2	-6.113050E-5	1.016620E+2	1.048240E+2	3.800000E+1
1.016760E+2	2.998950E-2	2.214430E-4	-3.000990E-2	-6.351470E-5	1.016850E+2	1.047880E+2	4.100000E+1
1.016950E+2	2.998970E-2	2.200840E-4	-3.000990E-2	-6.241800E-5	1.017080E+2	1.047500E+2	4.400000E+1
1.017160E+2	2.998960E-2	2.203230E-4	-3.000990E-2	-6.253720E-5	1.017250E+2	1.047060E+2	4.700100E+1
1.017350E+2	2.998980E-2	2.190110E-4	-3.000970E-2	-6.427770E-5	1.017450E+2	1.046560E+2	5.000000E+1
1.017510E+2	2.998990E-2	2.186300E-4	-3.000960E-2	-6.272790E-5	1.017610E+2	1.045990E+2	5.304000E+1
1.017720E+2	2.998990E-2	2.179150E-4	-3.000970E-2	-6.635190E-5	1.017820E+2	1.044690E+2	5.600100E+1
1.017890E+2	2.998970E-2	2.192970E-4	-3.000940E-2	-6.663800E-5	1.017930E+2	1.043430E+2	5.900100E+1
1.018050E+2	2.999000E-2	2.214910E-4	-3.000930E-2	-6.504060E-5	1.018130E+2	1.041980E+2	6.200100E+1
1.018190E+2	2.999010E-2	2.182010E-4	-3.000960E-2	-6.296630E-5	1.018260E+2	1.038210E+2	6.499900E+1
1.018320E+2	2.998990E-2	2.177000E-4	-3.000970E-2	-6.070140E-5	1.018340E+2	1.035540E+2	6.800000E+1
1.018380E+2	2.998970E-2	2.211330E-4	-3.000970E-2	-6.124970E-5	1.018410E+2	1.034020E+2	7.100100E+1
1.018460E+2	2.998960E-2	2.169850E-4	-3.000950E-2	-6.203650E-5	1.018470E+2	1.031600E+2	7.399900E+1
1.018500E+2	2.998990E-2	2.191540E-4	-3.001000E-2	-6.372930E-5	1.018460E+2	1.028470E+2	7.699900E+1
1.018480E+2	2.998980E-2	2.202270E-4	-3.000990E-2	-6.265640E-5	1.018440E+2	1.026590E+2	7.999900E+1
1.018410E+2	2.998960E-2	2.204180E-4	-3.001000E-2	-6.392000E-5	1.018420E+2	1.024400E+2	8.300100E+1
1.018390E+2	2.998950E-2	2.158880E-4	-3.001020E-2	-6.637570E-5	1.018350E+2	1.019320E+2	8.604100E+1
1.018300E+2	2.998980E-2	2.145290E-4	-3.001020E-2	-6.301400E-5	1.018220E+2	1.016290E+2	8.900100E+1
1.018140E+2	2.999030E-2	2.159360E-4	-3.001000E-2	-6.437300E-5	1.018060E+2	1.014420E+2	9.200000E+1
1.017970E+2	2.998990E-2	2.156730E-4	-3.001000E-2	-6.525520E-5	1.017900E+2	1.012870E+2	9.499900E+1
1.017790E+2	2.998930E-2	2.185580E-4	-3.001030E-2	-6.639960E-5	1.017630E+2	1.008570E+2	9.799900E+1
1.017520E+2	2.998950E-2	2.157450E-4	-3.001020E-2	-6.668570E-5	1.017360E+2	1.005690E+2	1.010010E+2
1.017250E+2	2.998950E-2	2.149820E-4	-3.001030E-2	-6.389620E-5	1.017100E+2	1.004030E+2	1.040000E+2
1.016940E+2	2.998930E-2	2.149110E-4	-3.001050E-2	-6.740090E-5	1.016750E+2	1.001270E+2	1.070000E+2
1.016550E+2	2.998940E-2	2.174620E-4	-3.001020E-2	-6.935600E-5	1.016380E+2	9.973000E+1	1.100010E+2
1.016210E+2	2.998950E-2	2.160070E-4	-3.001000E-2	-6.549360E-5	1.016000E+2	9.952100E+1	1.130000E+2
1.015780E+2	2.998970E-2	2.128600E-4	-3.001020E-2	-6.656650E-5	1.015590E+2	9.938500E+1	1.160000E+2
1.015360E+2	2.998980E-2	2.175330E-4	-3.000980E-2	-6.823540E-5	1.015090E+2	9.896700E+1	1.190390E+2
1.014910E+2	2.998980E-2	2.150060E-4	-3.000970E-2	-6.663800E-5	1.014620E+2	9.857100E+1	1.220010E+2
1.014380E+2	2.999000E-2	2.153400E-4	-3.000970E-2	-6.592270E-5	1.014100E+2	9.833600E+1	1.250010E+2
1.013810E+2	2.998960E-2	2.123120E-4	-3.001010E-2	-6.504060E-5	1.013510E+2	9.820400E+1	1.280010E+2
1.013250E+2	2.998970E-2	2.116920E-4	-3.001010E-2	-6.763940E-5	1.012960E+2	9.789500E+1	1.310000E+2
1.012630E+2	2.998970E-2	2.131460E-4	-3.001030E-2	-6.649490E-5	1.012290E+2	9.746600E+1	1.340000E+2
1.012000E+2	2.998960E-2	2.148390E-4	-3.001010E-2	-6.551740E-5	1.011650E+2	9.723600E+1	1.370010E+2
1.011320E+2	2.998950E-2	2.135750E-4	-3.001020E-2	-6.492140E-5	1.010960E+2	9.710600E+1	1.400000E+2
1.010620E+2	2.998960E-2	2.156500E-4	-3.001000E-2	-6.616120E-5	1.010280E+2	9.683500E+1	1.430000E+2
1.009900E+2	2.998950E-2	2.124790E-4	-3.001000E-2	-6.616120E-5	1.009520E+2	9.642700E+1	1.460000E+2
1.009140E+2	2.998960E-2	2.149110E-4	-3.000980E-2	-6.794930E-5	1.008730E+2	9.620400E+1	1.490010E+2
1.008390E+2	2.998960E-2	2.116200E-4	-3.000990E-2	-6.437300E-5	1.007920E+2	9.607500E+1	1.520410E+2
1.007570E+2	2.999000E-2	2.142190E-4	-3.001000E-2	-6.608960E-5	1.007140E+2	9.572800E+1	1.549990E+2
1.006720E+2	2.999000E-2	2.099280E-4	-3.000990E-2	-6.568430E-5	1.006270E+2	9.528400E+1	1.580010E+2
1.005860E+2	2.998990E-2	2.080680E-4	-3.000990E-2	-6.582740E-5	1.005380E+2	9.504000E+1	1.610000E+2
1.004930E+2	2.998960E-2	2.097130E-4	-3.001010E-2	-6.341930E-5	1.004470E+2	9.491800E+1	1.640000E+2
1.004020E+2	2.998940E-2	2.127170E-4	-3.000970E-2	-6.425380E-5	1.003520E+2	9.469300E+1	1.670010E+2
1.003080E+2	2.998960E-2	2.139810E-4	-3.001020E-2	-6.113050E-5	1.002560E+2	9.423800E+1	1.699990E+2
1.002080E+2	2.998920E-2	2.126460E-4	-3.000990E-2	-6.241800E-5	1.001590E+2	9.397700E+1	1.730010E+2
1.001090E+2	2.998960E-2	2.092360E-4	-3.001010E-2	-6.427770E-5	1.000550E+2	9.383700E+1	1.760000E+2
1.000050E+2	2.998990E-2	2.138610E-4	-3.000990E-2	-6.141660E-5	9.995100E+1	9.366000E+1	1.789990E+2
9.989900E+1	2.999000E-2	2.105000E-4	-3.000980E-2	-6.456380E-5	9.984200E+1	9.322800E+1	1.820010E+2
9.978800E+1	2.998980E-2	2.114060E-4	-3.000980E-2	-6.513600E-5	9.972600E+1	9.294800E+1	1.850400E+2
9.968000E+1	2.998970E-2	2.109530E-4	-3.000990E-2	-6.453990E-5	9.962000E+1	9.280800E+1	1.880000E+2
9.956600E+1	2.998950E-2	2.087830E-4	-3.000950E-2	-6.287100E-5	9.951000E+1	9.268100E+1	1.910000E+2
9.945200E+1	2.998970E-2	2.049680E-4	-3.000970E-2	-6.134510E-5	9.938900E+1	9.224700E+1	1.940010E+2
9.932800E+1	2.998950E-2	2.099510E-4	-3.000970E-2	-6.563660E-5	9.926700E+1	9.190300E+1	1.970000E+2
9.921100E+1	2.998950E-2	2.070670E-4	-3.000960E-2	-6.515980E-5	9.914700E+1	9.173200E+1	2.000000E+2
9.908700E+1	2.998980E-2	2.064940E-4	-3.001010E-2	-6.346700E-5	9.902100E+1	9.163000E+1	2.029990E+2
9.896600E+1	2.998990E-2	2.087830E-4	-3.001000E-2	-6.001000E-5	9.889800E+1	9.129100E+1	2.059990E+2
9.883000E+1	2.999000E-2	2.074000E-4	-3.000970E-2	-5.898480E-5	9.876500E+1	9.102900E+1	2.089990E+2
9.870500E+1	2.998990E-2	2.089020E-4	-3.001000E-2	-6.160740E-5	9.863600E+1	9.090400E+1	2.120000E+2
9.857600E+1	2.998970E-2	2.062800E-4	-3.001010E-2	-6.415840E-5	9.850400E+1	9.059200E+1	2.150000E+2
9.843900E+1	2.998950E-2	2.037530E-4	-3.000960E-2	-6.208420E-5	9.836300E+1	9.025800E+1	2.180400E+2
9.830100E+1	2.998950E-2	2.024170E-4	-3.000960E-2	-5.953310E-5	9.823100E+1	9.010100E+1	2.210010E+2
9.816500E+1	2.998970E-2	2.029180E-4	-3.000960E-2	-5.993840E-5	9.809600E+1	8.999000E+1	2.239990E+2
9.803100E+1	2.998970E-2	2.063990E-4	-3.000990E-2	-6.024840E-5	9.795300E+1	8.964900E+1	2.270010E+2
9.788500E+1	2.998980E-2	2.048490E-4	-3.000950E-2	-5.922320E-5	9.781000E+1	8.939900E+1	2.300000E+2
9.774300E+1	2.998970E-2	2.050640E-4	-3.000980E-2	-5.705360E-5	9.766700E+1	8.928300E+1	2.329990E+2
9.760100E+1	2.998930E-2	2.035860E-4	-3.000970E-2	-5.967620E-5	9.752300E+1	8.904100E+1	2.359990E+2
9.744700E+1	2.998950E-2	2.024410E-4	-3.000990E-2	-5.805490E-5	9.737100E+1	8.871400E+1	2.390000E+2
9.730100E+1	2.998930E-2	2.037290E-4	-3.001000E-2	-5.729200E-5	9.722300E+1	8.851600E+1	2.420010E+2
9.715300E+1	2.998930E-2	2.047300E-4	-3.000990E-2	-5.865100E-5	9.707300E+1	8.841800E+1	2.450010E+2
9.700300E+1	2.998960E-2	2.021310E-4	-3.000990E-2	-5.958080E-5	9.692300E+1	8.816200E+1	2.480000E+2
9.685000E+1	2.998980E-2	2.006290E-4	-3.000970E-2	-5.829330E-5	9.676900E+1	8.781600E+1	2.510410E+2
9.669200E+1	2.998970E-2	1.980780E-4	-3.000970E-2	-5.850790E-5	9.661100E+1	8.759600E+1	2.540000E+2
9.653400E+1	2.998980E-2	1.979350E-4	-3.000960E-2	-5.404950E-5	9.645600E+1	8.749400E+1	2.570000E+2
9.638000E+1	2.998970E-2	2.001290E-4	-3.000970E-2	-5.621910E-5	9.630200E+1	8.732900E+1	2.600000E+2
9.621800E+1	2.998940E-2	1.950740E-4	-3.000960E-2	-5.605220E-5	9.613700E+1	8.700200E+1	2.630010E+2
9.606200E+1	2.998940E-2	1.954080E-4	-3.000990E-2	-5.569460E-5	9.597700E+1	8.676200E+1	2.660000E+2
9.589700E+1	2.998930E-2	1.956220E-4	-3.000980E-2	-5.545620E-5	9.581400E+1	8.664600E+1	2.690010E+2
9.573800E+1	2.998960E-2	1.948120E-4	-3.000970E-2	-5.335810E-5	9.565200E+1	8.652000E+1	2.720010E+2
9.557100E+1	2.998970E-2	1.970530E-4	-3.000980E-2	-5.254750E-5	9.548700E+1	8.622200E+1	2.750010E+2
9.540900E+1	2.998990E-2	1.934050E-4	-3.000960E-2	-5.164150E-5	9.532000E+1	8.594000E+1	2.779990E+2
9.523900E+1	2.998980E-2	1.935960E-4	-3.000950E-2	-5.252360E-5	9.515000E+1	8.578000E+1	2.809990E+2
9.507100E+1	2.999010E-2	1.894470E-4	-3.000960E-2	-4.963870E-5	9.498100E+1	8.569400E+1	2.840400E+2
9.490800E+1	2.999020E-2	1.915690E-4	-3.000960E-2	-4.947190E-5	9.481800E+1	8.549100E+1	2.869990E+2
9.473800E+1	2.998960E-2	1.876350E-4	-3.000980E-2	-4.634860E-5	9.464700E+1	8.522000E+1	2.899990E+2
9.456400E+1	2.998940E-2	1.895670E-4	-3.000990E-2	-4.825590E-5	9.447200E+1	8.501800E+1	2.930000E+2
9.439600E+1	2.998960E-2	1.877550E-4	-3.000970E-2	-4.835130E-5	9.430500E+1	8.489400E+1	2.959990E+2
9.422500E+1	2.998960E-2	1.825570E-4	-3.000950E-2	-4.453660E-5	9.413300E+1	8.471900E+1	2.989990E+2
9.405100E+1	2.998950E-2	1.857280E-4	-3.001020E-2	-4.260540E-5	9.395600E+1	8.447500E+1	3.020010E+2
9.387600E+1	2.998970E-2	1.836060E-4	-3.000980E-2	-4.229550E-5	9.378800E+1	8.425700E+1	3.050000E+2
9.370600E+1	2.998980E-2	1.841070E-4	-3.000970E-2	-3.781320E-5	9.361200E+1	8.409000E+1	3.080000E+2
9.352800E+1	2.998970E-2	1.786470E-4	-3.001000E-2	-3.628730E-5	9.343600E+1	8.395400E+1	3.110000E+2
9.335200E+1	2.998970E-2	1.779790E-4	-3.001050E-2	-3.092290E-5	9.326100E+1	8.378300E+1	3.140010E+2
9.317700E+1	2.998950E-2	1.738550E-4	-3.000980E-2	-2.830030E-5	9.308200E+1	8.360700E+1	3.170410E+2
9.300300E+1	2.998960E-2	1.694440E-4	-3.000990E-2	-2.212520E-5	9.291200E+1	8.343000E+1	3.200000E+2
9.282900E+1	2.998990E-2	1.559020E-4	-3.000990E-2	-1.111030E-5	9.273400E+1	8.325700E+1	3.230010E+2
9.265400E+1	2.999020E-2	1.408820E-4	-3.000970E-2	7.295610E-6	9.256000E+1	8.308400E+1	3.260010E+2
9.247200E+1	2.998930E-2	1.263380E-4	-3.001000E-2	2.331730E-5	9.237800E+1	8.290800E+1	3.290010E+2
9.229400E+1	2.998960E-2	1.105790E-4	-3.000990E-2	3.893380E-5	9.220600E+1	8.271500E+1	3.320000E+2
9.212000E+1	2.998960E-2	9.741780E-5	-3.001020E-2	5.185600E-5	9.203000E+1	8.252200E+1	3.349990E+2
9.194400E+1	2.998980E-2	8.335110E-5	-3.000990E-2	6.542210E-5	9.185100E+1	8.235000E+1	3.380010E+2
9.176800E+1	2.998980E-2	8.115770E-5	-3.001010E-2	7.016660E-5	9.167600E+1	8.219300E+1	3.410000E+2
9.158900E+1	2.998940E-2	7.038120E-5	-3.001000E-2	6.914140E-5	9.149000E+1	8.202200E+1	3.440000E+2
9.139700E+1	2.998930E-2	6.647110E-5	-3.000970E-2	7.505420E-5	9.128200E+1	8.165800E+1	3.470000E+2
9.116800E+1	2.998960E-2	6.260870E-5	-3.000960E-2	7.574560E-5	9.101600E+1	8.131300E+1	3.500390E+2
9.086900E+1	2.998970E-2	5.929470E-5	-3.000950E-2	8.063320E-5	9.066300E+1	8.112200E+1	3.529990E+2
9.046900E+1	2.998940E-2	5.810260E-5	-3.000920E-2	8.528230E-5	9.023000E+1	8.097600E+1	3.560010E+2
8.999700E+1	2.998970E-2	4.296300E-5	-3.000920E-2	8.902550E-5	8.972800E+1	8.086000E+1	3.590000E+2
8.946900E+1	2.998980E-2	4.103180E-5	-3.000920E-2	9.164810E-5	8.917700E+1	8.079400E+1	3.620000E+2
8.891200E+1	2.999000E-2	4.258160E-5	-3.000920E-2	9.233950E-5	8.863300E+1	8.073900E+1	3.650010E+2
8.837800E+1	2.998990E-2	4.475120E-5	-3.000960E-2	9.400850E-5	8.811700E+1	8.068200E+1	3.680000E+2
8.788100E+1	2.998960E-2	4.448890E-5	-3.001000E-2	9.565350E-5	8.763300E+1	8.062900E+1	3.710000E+2
8.741100E+1	2.998920E-2	5.133150E-5	-3.000990E-2	1.042130E-4	8.716800E+1	8.058000E+1	3.740010E+2
8.694900E+1	2.998980E-2	5.531310E-5	-3.000980E-2	1.086710E-4	8.671600E+1	8.053800E+1	3.770000E+2
8.650100E+1	2.998980E-2	5.824570E-5	-3.000980E-2	1.068350E-4	8.627000E+1	8.049700E+1	3.800010E+2
8.604600E+1	2.998960E-2	5.934240E-5	-3.000970E-2	1.088620E-4	8.578200E+1	8.046500E+1	3.830400E+2
8.555000E+1	2.998980E-2	5.819800E-5	-3.000990E-2	1.086950E-4	8.528500E+1	8.044400E+1	3.859990E+2
8.503500E+1	2.999020E-2	5.457400E-5	-3.000990E-2	1.062630E-4	8.473400E+1	8.043900E+1	3.890010E+2
8.442300E+1	2.999000E-2	5.714890E-5	-3.000980E-2	1.093630E-4	8.380200E+1	8.046600E+1	3.920000E+2
8.322800E+1	2.998980E-2	5.810260E-5	-3.000990E-2	1.072410E-4	8.271500E+1	8.055200E+1	3.949990E+2
8.233200E+1	2.998970E-2	5.943780E-5	-3.000980E-2	1.029250E-4	8.189400E+1	8.059200E+1	3.980000E+2
8.142300E+1	2.998960E-2	5.495550E-5	-3.000970E-2	1.064300E-4	8.104500E+1	8.063500E+1	4.009990E+2
8.072600E+1	2.998950E-2	5.462170E-5	-3.000970E-2	1.050000E-4	8.041600E+1	8.066000E+1	4.040010E+2
8.019000E+1	2.998960E-2	5.812650E-5	-3.000960E-2	1.080040E-4	7.999100E+1	8.069900E+1	4.070000E+2
7.982300E+1	2.998960E-2	5.595680E-5	-3.000940E-2	1.022580E-4	7.965500E+1	8.072200E+1	4.100000E+2
7.951000E+1	2.998990E-2	5.366800E-5	-3.000940E-2	1.084330E-4	7.937600E+1	8.071600E+1	4.130010E+2
7.923500E+1	2.998990E-2	5.424020E-5	-3.000960E-2	1.051660E-4	7.906600E+1	8.071300E+1	4.160400E+2
7.897100E+1	2.999010E-2	5.357270E-5	-3.000960E-2	1.059290E-4	7.888000E+1	8.070100E+1	4.190010E+2
7.879900E+1	2.998960E-2	5.438330E-5	-3.000940E-2	1.036880E-4	7.872400E+1	8.067600E+1	4.220000E+2
7.866500E+1	2.998960E-2	5.600450E-5	-3.000980E-2	1.050470E-4	7.859500E+1	8.066900E+1	4.250000E+2
7.856800E+1	2.998960E-2	5.588530E-5	-3.000960E-2	1.052620E-4	7.848900E+1	8.070500E+1	4.279990E+2
7.839700E+1	2.998990E-2	5.335810E-5	-3.000980E-2	1.045940E-4	7.833600E+1	8.070100E+1	4.310010E+2
7.827100E+1	2.998960E-2	5.452630E-5	-3.000950E-2	1.066920E-4	7.821000E+1	8.069200E+1	4.340000E+2
7.815900E+1	2.998970E-2	5.488400E-5	-3.000990E-2	1.068590E-4	7.810000E+1	8.065500E+1	4.369990E+2
7.809100E+1	2.998970E-2	5.457400E-5	-3.000970E-2	1.057860E-4	7.808000E+1	8.064200E+1	4.400010E+2
7.804700E+1	2.998980E-2	5.578990E-5	-3.000940E-2	1.060010E-4	7.802000E+1	8.064600E+1	4.430010E+2
7.799200E+1	2.998980E-2	5.226140E-5	-3.000970E-2	1.064780E-4	7.796200E+1	8.062700E+1	4.460000E+2
7.793000E+1	2.999000E-2	5.500320E-5	-3.000940E-2	1.049520E-4	7.791000E+1	8.059400E+1	4.490390E+2
7.786700E+1	2.999000E-2	5.614760E-5	-3.000930E-2	1.016620E-4	7.784400E+1	8.055000E+1	4.520000E+2
7.782000E+1	2.998990E-2	5.254750E-5	-3.000910E-2	1.040460E-4	7.779300E+1	8.050200E+1	4.550000E+2
