The operator was: Kevin
The sample measure was: YBCO
The sample was biased using: 5E-3 Amps
Comments:
fast warmup low current

Tbefore	        I+	        V+	        I-	        V-	        Tafter	        Tbase	        Time
7.729000E+1	4.996040E-3	1.153230E-4	-5.003460E-3	1.266720E-4	7.731200E+1	8.001200E+1	2.600000E+1
7.735100E+1	4.995840E-3	1.039270E-4	-5.003490E-3	1.307730E-4	7.741200E+1	8.010900E+1	2.999900E+1
7.748700E+1	4.995780E-3	1.035690E-4	-5.003540E-3	1.286030E-4	7.756400E+1	8.025900E+1	3.400000E+1
7.764400E+1	4.996670E-3	8.008480E-5	-5.003440E-3	1.288650E-4	7.773400E+1	8.043400E+1	3.799900E+1
7.781200E+1	4.995810E-3	1.034740E-4	-5.003470E-3	1.279350E-4	7.789000E+1	8.058700E+1	4.200000E+1
7.795700E+1	4.995750E-3	1.013760E-4	-5.003430E-3	1.274110E-4	7.803500E+1	8.073300E+1	4.600000E+1
7.809900E+1	4.995890E-3	1.004460E-4	-5.003410E-3	1.267190E-4	7.815400E+1	8.084000E+1	4.999900E+1
7.816800E+1	4.995830E-3	9.703640E-5	-5.003390E-3	1.256940E-4	7.816800E+1	8.083400E+1	5.400000E+1
7.817400E+1	4.995830E-3	1.040460E-4	-5.003470E-3	1.280070E-4	7.816200E+1	8.081900E+1	5.799900E+1
7.812900E+1	4.995700E-3	1.007560E-4	-5.003510E-3	1.274350E-4	7.811600E+1	8.077000E+1	6.199900E+1
7.807300E+1	4.995710E-3	1.011850E-4	-5.003490E-3	1.265760E-4	7.801000E+1	8.070600E+1	6.600000E+1
7.809200E+1	4.995780E-3	9.822850E-5	-5.003460E-3	1.283650E-4	7.803100E+1	8.070000E+1	6.999900E+1
7.797100E+1	4.995800E-3	1.006840E-4	-5.003410E-3	1.299140E-4	7.791400E+1	8.062100E+1	7.399800E+1
7.786700E+1	4.995710E-3	1.019950E-4	-5.003420E-3	1.306300E-4	7.779600E+1	8.053600E+1	7.799900E+1
7.771600E+1	4.995790E-3	1.030210E-4	-5.003420E-3	1.299140E-4	7.770900E+1	8.155900E+1	8.199900E+1
7.770200E+1	4.995770E-3	1.060250E-4	-5.003380E-3	1.273390E-4	7.768300E+1	8.182100E+1	8.599900E+1
7.765400E+1	4.995830E-3	1.021620E-4	-5.003440E-3	1.311060E-4	7.761300E+1	8.187400E+1	8.999800E+1
7.758000E+1	4.995760E-3	1.040220E-4	-5.003450E-3	1.312970E-4	7.754900E+1	8.184500E+1	9.399900E+1
7.752000E+1	4.995810E-3	1.038070E-4	-5.003450E-3	1.275300E-4	7.747500E+1	8.178600E+1	9.799800E+1
7.744300E+1	4.995740E-3	1.025680E-4	-5.003400E-3	1.311540E-4	7.736300E+1	8.169800E+1	1.019990E+2
7.734400E+1	4.995750E-3	1.018050E-4	-5.003360E-3	1.282220E-4	7.734300E+1	8.159700E+1	1.059990E+2
7.735800E+1	4.995760E-3	1.019240E-4	-5.003380E-3	1.287940E-4	7.741500E+1	8.159000E+1	1.099980E+2
7.745700E+1	4.995680E-3	1.014950E-4	-5.003360E-3	1.305100E-4	7.754200E+1	8.164400E+1	1.140000E+2
7.760900E+1	4.995790E-3	1.007560E-4	-5.003330E-3	1.299860E-4	7.771500E+1	8.175800E+1	1.179980E+2
7.780500E+1	4.995770E-3	1.031160E-4	-5.003420E-3	1.291750E-4	7.789500E+1	8.192400E+1	1.219990E+2
7.797200E+1	4.995780E-3	1.019950E-4	-5.003410E-3	1.297000E-4	7.807300E+1	8.209900E+1	1.260000E+2
7.837800E+1	4.995830E-3	1.013520E-4	-5.003410E-3	1.286980E-4	7.872100E+1	8.247400E+1	1.300000E+2
7.894100E+1	4.995900E-3	1.044030E-4	-5.003390E-3	1.268390E-4	7.908200E+1	8.296100E+1	1.339990E+2
7.918200E+1	4.995800E-3	1.029730E-4	-5.003470E-3	1.293420E-4	7.925200E+1	8.331100E+1	1.380000E+2
7.929200E+1	4.995720E-3	1.039510E-4	-5.003440E-3	1.321080E-4	7.931600E+1	8.368200E+1	1.420000E+2
7.933100E+1	4.995740E-3	1.032350E-4	-5.003540E-3	1.322750E-4	7.934800E+1	8.392400E+1	1.459990E+2
7.935000E+1	4.995800E-3	1.038310E-4	-5.003410E-3	1.313210E-4	7.935100E+1	8.408300E+1	1.499990E+2
7.934200E+1	4.995720E-3	1.002070E-4	-5.003500E-3	1.272920E-4	7.931100E+1	8.417500E+1	1.539990E+2
7.928100E+1	4.995680E-3	1.040220E-4	-5.003520E-3	1.290080E-4	7.924600E+1	8.429600E+1	1.580000E+2
7.921100E+1	4.995790E-3	1.030680E-4	-5.003400E-3	1.311540E-4	7.918300E+1	8.443900E+1	1.619990E+2
7.915400E+1	4.995780E-3	1.029730E-4	-5.003500E-3	1.314880E-4	7.912400E+1	8.463100E+1	1.659990E+2
7.910000E+1	4.995680E-3	1.056910E-4	-5.003470E-3	1.282930E-4	7.907500E+1	8.482900E+1	1.699990E+2
7.904800E+1	4.995740E-3	1.051900E-4	-5.003410E-3	1.295090E-4	7.901700E+1	8.499500E+1	1.740000E+2
7.899100E+1	4.995660E-3	1.017570E-4	-5.003540E-3	1.296520E-4	7.895400E+1	8.514900E+1	1.780000E+2
7.891800E+1	4.995790E-3	1.090050E-4	-5.003410E-3	1.280780E-4	7.888800E+1	8.536000E+1	1.820000E+2
7.886200E+1	4.995860E-3	1.029730E-4	-5.003360E-3	1.298900E-4	7.883200E+1	8.562600E+1	1.859990E+2
7.880100E+1	4.995790E-3	1.024960E-4	-5.003340E-3	1.288410E-4	7.876900E+1	8.588300E+1	1.900000E+2
7.875500E+1	4.995740E-3	1.035930E-4	-5.003510E-3	1.309630E-4	7.876100E+1	8.605000E+1	1.940000E+2
7.874500E+1	4.995630E-3	1.007560E-4	-5.003590E-3	1.275540E-4	7.872900E+1	8.614500E+1	1.979990E+2
7.871500E+1	4.995730E-3	1.041410E-4	-5.003560E-3	1.291750E-4	7.870100E+1	8.637800E+1	2.020000E+2
7.867800E+1	4.995800E-3	1.013990E-4	-5.003490E-3	1.283650E-4	7.865900E+1	8.676000E+1	2.059980E+2
7.865500E+1	4.995800E-3	9.953980E-5	-5.003540E-3	1.295330E-4	7.866600E+1	8.718300E+1	2.099990E+2
7.865800E+1	4.995610E-3	1.024250E-4	-5.003540E-3	1.267190E-4	7.864100E+1	8.753400E+1	2.139990E+2
7.861900E+1	4.995830E-3	1.029970E-4	-5.003390E-3	1.280310E-4	7.860300E+1	8.804700E+1	2.179990E+2
7.859700E+1	4.995830E-3	1.028540E-4	-5.003460E-3	1.258130E-4	7.859500E+1	8.867100E+1	2.219990E+2
7.859000E+1	4.995820E-3	1.061680E-4	-5.003500E-3	1.283880E-4	7.858600E+1	8.931200E+1	2.259990E+2
7.857500E+1	4.995740E-3	1.039030E-4	-5.003510E-3	1.317980E-4	7.857700E+1	8.994500E+1	2.300000E+2
7.857500E+1	4.995930E-3	1.061440E-4	-5.003370E-3	1.303670E-4	7.857000E+1	9.056900E+1	2.339990E+2
7.857000E+1	4.995880E-3	1.053090E-4	-5.003470E-3	1.299140E-4	7.857000E+1	9.118000E+1	2.379980E+2
7.856800E+1	4.995810E-3	1.015900E-4	-5.003390E-3	1.258850E-4	7.856500E+1	9.177800E+1	2.419990E+2
7.856600E+1	4.995830E-3	1.008270E-4	-5.003390E-3	1.269580E-4	7.856300E+1	9.237400E+1	2.460000E+2
7.856500E+1	4.995840E-3	1.028540E-4	-5.003400E-3	1.281740E-4	7.855900E+1	9.295400E+1	2.499980E+2
7.856100E+1	4.995820E-3	1.040940E-4	-5.003360E-3	1.292940E-4	7.854300E+1	9.353100E+1	2.539990E+2
7.853200E+1	4.995850E-3	9.982590E-5	-5.003390E-3	1.276490E-4	7.852000E+1	9.409900E+1	2.580000E+2
7.850700E+1	4.995790E-3	1.019240E-4	-5.003460E-3	1.294850E-4	7.848000E+1	9.465700E+1	2.620000E+2
7.845500E+1	4.995810E-3	9.939670E-5	-5.003450E-3	1.286030E-4	7.843600E+1	9.520900E+1	2.659990E+2
7.842800E+1	4.995770E-3	1.017090E-4	-5.003420E-3	1.284600E-4	7.841000E+1	9.575800E+1	2.700000E+2
7.840000E+1	4.995830E-3	9.891990E-5	-5.003430E-3	1.301290E-4	7.839700E+1	9.629500E+1	2.739990E+2
7.839400E+1	4.995770E-3	9.617810E-5	-5.003330E-3	1.257180E-4	7.840600E+1	9.683200E+1	2.780000E+2
7.838700E+1	4.995760E-3	9.815690E-5	-5.003390E-3	1.258130E-4	7.838500E+1	9.735900E+1	2.819990E+2
7.837900E+1	4.995760E-3	1.036880E-4	-5.003440E-3	1.315830E-4	7.842400E+1	9.788300E+1	2.859990E+2
7.842900E+1	4.995870E-3	1.162770E-4	-5.003310E-3	1.417640E-4	7.837800E+1	9.840100E+1	2.900000E+2
7.836000E+1	4.995830E-3	1.234050E-4	-5.003410E-3	1.461980E-4	7.835000E+1	9.891800E+1	2.939990E+2
7.837600E+1	4.995750E-3	1.254800E-4	-5.003410E-3	1.527310E-4	7.837600E+1	9.942600E+1	2.979990E+2
7.835800E+1	4.995770E-3	1.268150E-4	-5.003430E-3	1.547100E-4	7.835900E+1	9.993400E+1	3.019980E+2
7.837800E+1	4.995750E-3	1.310590E-4	-5.003510E-3	1.582860E-4	7.844300E+1	1.004340E+2	3.059990E+2
7.839300E+1	4.995790E-3	1.334670E-4	-5.003510E-3	1.595740E-4	7.840300E+1	1.009240E+2	3.099990E+2
7.854600E+1	4.995700E-3	1.257180E-4	-5.003480E-3	1.544480E-4	7.858100E+1	1.014110E+2	3.140000E+2
7.856500E+1	4.995770E-3	1.270530E-4	-5.003490E-3	1.501560E-4	7.867100E+1	1.018950E+2	3.179990E+2
7.871300E+1	4.995760E-3	1.272680E-4	-5.003480E-3	1.552580E-4	7.872200E+1	1.023730E+2	3.219980E+2
7.875600E+1	4.995750E-3	1.278160E-4	-5.003430E-3	1.554490E-4	7.901500E+1	1.028520E+2	3.259990E+2
7.937000E+1	4.995720E-3	1.309160E-4	-5.003440E-3	1.551150E-4	7.965700E+1	1.033270E+2	3.299980E+2
7.986800E+1	4.995650E-3	1.330850E-4	-5.003450E-3	1.569990E-4	8.003600E+1	1.037930E+2	3.339990E+2
8.017400E+1	4.995650E-3	1.295800E-4	-5.003500E-3	1.571890E-4	8.030700E+1	1.042590E+2	3.380000E+2
8.042400E+1	4.995800E-3	1.323460E-4	-5.003510E-3	1.540660E-4	8.054300E+1	1.047170E+2	3.420000E+2
8.064500E+1	4.995770E-3	1.299620E-4	-5.003560E-3	1.537080E-4	8.075200E+1	1.051690E+2	3.459990E+2
8.084500E+1	4.995670E-3	1.289840E-4	-5.003490E-3	1.577620E-4	8.094600E+1	1.056130E+2	3.499980E+2
8.103000E+1	4.995790E-3	1.344440E-4	-5.003510E-3	1.543520E-4	8.112000E+1	1.060410E+2	3.540000E+2
8.120100E+1	4.995700E-3	1.299860E-4	-5.003470E-3	1.603840E-4	8.128000E+1	1.064570E+2	3.579980E+2
8.135800E+1	4.995710E-3	1.310830E-4	-5.003440E-3	1.588110E-4	8.143600E+1	1.068590E+2	3.619990E+2
8.150000E+1	4.995640E-3	1.332520E-4	-5.003520E-3	1.595970E-4	8.157600E+1	1.072680E+2	3.660000E+2
8.164200E+1	4.995600E-3	1.356120E-4	-5.003440E-3	1.620770E-4	8.171700E+1	1.076690E+2	3.699990E+2
8.178100E+1	4.995770E-3	1.388310E-4	-5.003350E-3	1.623630E-4	8.185400E+1	1.080740E+2	3.739990E+2
8.192800E+1	4.995770E-3	1.371860E-4	-5.003440E-3	1.630780E-4	8.199700E+1	1.084690E+2	3.779990E+2
8.207000E+1	4.995680E-3	1.343010E-4	-5.003440E-3	1.648900E-4	8.214400E+1	1.088450E+2	3.820000E+2
8.220900E+1	4.995690E-3	1.395230E-4	-5.003370E-3	1.649140E-4	8.228000E+1	1.092270E+2	3.859990E+2
8.235300E+1	4.995830E-3	1.354460E-4	-5.003440E-3	1.628640E-4	8.241600E+1	1.096110E+2	3.900000E+2
8.247900E+1	4.995860E-3	1.411910E-4	-5.003370E-3	1.671550E-4	8.254900E+1	1.100050E+2	3.939990E+2
8.260900E+1	4.995830E-3	1.436710E-4	-5.003310E-3	1.710650E-4	8.267300E+1	1.103970E+2	3.979980E+2
8.273600E+1	4.995730E-3	1.407380E-4	-5.003430E-3	1.705650E-4	8.279900E+1	1.107910E+2	4.019990E+2
8.285500E+1	4.995840E-3	1.359700E-4	-5.003440E-3	1.492500E-4	8.291800E+1	1.111750E+2	4.059990E+2
8.297800E+1	4.995740E-3	1.228810E-4	-5.003360E-3	1.497030E-4	8.303800E+1	1.115590E+2	4.100000E+2
8.309100E+1	4.995790E-3	1.265290E-4	-5.003290E-3	1.543520E-4	8.315000E+1	1.119450E+2	4.139990E+2
8.320300E+1	4.995890E-3	1.326320E-4	-5.003310E-3	1.596450E-4	8.326100E+1	1.123280E+2	4.180000E+2
8.331800E+1	4.995810E-3	1.383780E-4	-5.003300E-3	1.631020E-4	8.337900E+1	1.127020E+2	4.220000E+2
8.343600E+1	4.995650E-3	1.434800E-4	-5.003290E-3	1.651760E-4	8.349000E+1	1.130700E+2	4.259990E+2
8.354000E+1	4.995660E-3	1.424070E-4	-5.003450E-3	1.706840E-4	8.359800E+1	1.134470E+2	4.300000E+2
8.365800E+1	4.995770E-3	1.403090E-4	-5.003410E-3	1.749750E-4	8.371100E+1	1.138240E+2	4.339990E+2
8.376800E+1	4.995820E-3	1.450540E-4	-5.003310E-3	1.745460E-4	8.382100E+1	1.142000E+2	4.379980E+2
8.387200E+1	4.995690E-3	1.447440E-4	-5.003330E-3	1.722810E-4	8.393000E+1	1.145770E+2	4.419980E+2
8.398600E+1	4.995690E-3	1.442910E-4	-5.003420E-3	1.704450E-4	8.404000E+1	1.149370E+2	4.460000E+2
8.408700E+1	4.995790E-3	1.464840E-4	-5.003540E-3	1.694680E-4	8.413900E+1	1.153080E+2	4.499990E+2
8.418800E+1	4.995710E-3	1.453640E-4	-5.003390E-3	1.709940E-4	8.424200E+1	1.156770E+2	4.539990E+2
8.429200E+1	4.995790E-3	1.453400E-4	-5.003360E-3	1.728770E-4	8.434900E+1	1.160430E+2	4.580000E+2
8.440200E+1	4.995780E-3	1.481290E-4	-5.003290E-3	1.721380E-4	8.446000E+1	1.164080E+2	4.619990E+2
8.451400E+1	4.995950E-3	1.478430E-4	-5.003390E-3	1.774790E-4	8.456800E+1	1.167720E+2	4.660000E+2
8.461700E+1	4.995840E-3	1.490120E-4	-5.003440E-3	1.750950E-4	8.467400E+1	1.171290E+2	4.700000E+2
8.472400E+1	4.995790E-3	1.506570E-4	-5.003490E-3	1.745460E-4	8.478600E+1	1.174910E+2	4.739990E+2
8.483700E+1	4.995780E-3	1.531120E-4	-5.003380E-3	1.770020E-4	8.489100E+1	1.178430E+2	4.779990E+2
8.493600E+1	4.995830E-3	1.509900E-4	-5.003500E-3	1.814600E-4	8.499700E+1	1.181930E+2	4.820000E+2
8.505100E+1	4.995790E-3	1.535420E-4	-5.003540E-3	1.811980E-4	8.510900E+1	1.185410E+2	4.859990E+2
8.515400E+1	4.995760E-3	1.527550E-4	-5.003470E-3	1.811500E-4	8.520500E+1	1.188890E+2	4.899990E+2
8.525500E+1	4.995810E-3	1.519680E-4	-5.003500E-3	1.803160E-4	8.530900E+1	1.192410E+2	4.940000E+2
8.536100E+1	4.995780E-3	1.519440E-4	-5.003430E-3	1.819370E-4	8.541500E+1	1.195870E+2	4.979990E+2
8.546000E+1	4.995750E-3	1.539470E-4	-5.003350E-3	1.784800E-4	8.551300E+1	1.199350E+2	5.020000E+2
8.555700E+1	4.995760E-3	1.550670E-4	-5.003500E-3	1.835350E-4	8.561000E+1	1.202800E+2	5.059990E+2
8.565600E+1	4.995750E-3	1.549480E-4	-5.003550E-3	1.835820E-4	8.571200E+1	1.206290E+2	5.100000E+2
8.576500E+1	4.995780E-3	1.591440E-4	-5.003500E-3	1.866340E-4	8.581500E+1	1.209640E+2	5.140000E+2
8.585900E+1	4.995640E-3	1.586440E-4	-5.003440E-3	1.838680E-4	8.591200E+1	1.213020E+2	5.179990E+2
8.596200E+1	4.995750E-3	1.563310E-4	-5.003520E-3	1.877070E-4	8.601000E+1	1.216400E+2	5.220000E+2
8.606200E+1	4.995780E-3	1.615760E-4	-5.003470E-3	1.844170E-4	8.611500E+1	1.219800E+2	5.260000E+2
8.616100E+1	4.995830E-3	1.626970E-4	-5.003490E-3	1.854660E-4	8.621400E+1	1.223170E+2	5.299980E+2
8.626700E+1	4.995740E-3	1.578570E-4	-5.003560E-3	1.853230E-4	8.631700E+1	1.226480E+2	5.339980E+2
8.636700E+1	4.995750E-3	1.592400E-4	-5.003380E-3	1.879930E-4	8.641800E+1	1.229870E+2	5.380000E+2
8.647000E+1	4.995750E-3	1.624820E-4	-5.003410E-3	1.868010E-4	8.652700E+1	1.233190E+2	5.420000E+2
8.658000E+1	4.995660E-3	1.618620E-4	-5.003450E-3	1.896140E-4	8.663200E+1	1.236440E+2	5.459980E+2
8.667800E+1	4.995740E-3	1.573800E-4	-5.003500E-3	1.867530E-4	8.673700E+1	1.239760E+2	5.499980E+2
8.678400E+1	4.995720E-3	1.606940E-4	-5.003440E-3	1.846790E-4	8.684000E+1	1.243080E+2	5.540000E+2
8.689800E+1	4.995780E-3	1.601700E-4	-5.003410E-3	1.867060E-4	8.695100E+1	1.246300E+2	5.579980E+2
8.700700E+1	4.995780E-3	1.628400E-4	-5.003440E-3	1.838210E-4	8.705700E+1	1.249520E+2	5.619990E+2
8.711000E+1	4.995690E-3	1.621720E-4	-5.003420E-3	1.869680E-4	8.716600E+1	1.252710E+2	5.659990E+2
8.722300E+1	4.995780E-3	1.579520E-4	-5.003500E-3	1.870160E-4	8.728000E+1	1.255990E+2	5.699980E+2
8.733600E+1	4.995800E-3	1.591440E-4	-5.003530E-3	1.852510E-4	8.739300E+1	1.259190E+2	5.739980E+2
8.745500E+1	4.995750E-3	1.617190E-4	-5.003420E-3	1.925230E-4	8.751800E+1	1.262420E+2	5.780000E+2
8.757500E+1	4.995710E-3	1.626730E-4	-5.003460E-3	1.859660E-4	8.763500E+1	1.265570E+2	5.819990E+2
8.768700E+1	4.995830E-3	1.619580E-4	-5.003490E-3	1.873970E-4	8.774900E+1	1.268760E+2	5.859980E+2
8.780900E+1	4.995810E-3	1.652240E-4	-5.003470E-3	1.853940E-4	8.788300E+1	1.271890E+2	5.899990E+2
8.795000E+1	4.995730E-3	1.589300E-4	-5.003550E-3	1.915220E-4	8.801900E+1	1.274940E+2	5.940000E+2
8.807900E+1	4.995760E-3	1.654390E-4	-5.003470E-3	1.871350E-4	8.816000E+1	1.278130E+2	5.980000E+2
8.823000E+1	4.995870E-3	1.647710E-4	-5.003480E-3	1.920220E-4	8.830900E+1	1.281200E+2	6.019980E+2
8.838200E+1	4.995860E-3	1.641040E-4	-5.003590E-3	1.938820E-4	8.847000E+1	1.284340E+2	6.059980E+2
8.855500E+1	4.995800E-3	1.629110E-4	-5.003560E-3	1.918080E-4	8.865100E+1	1.287380E+2	6.099980E+2
8.873900E+1	4.995600E-3	1.666070E-4	-5.003520E-3	1.925470E-4	8.885700E+1	1.290460E+2	6.140000E+2
8.896300E+1	4.995750E-3	1.677040E-4	-5.003570E-3	1.931190E-4	8.907700E+1	1.293420E+2	6.179990E+2
8.918800E+1	4.995720E-3	1.709460E-4	-5.003550E-3	1.953130E-4	8.931800E+1	1.296480E+2	6.219980E+2
8.944400E+1	4.995700E-3	1.716610E-4	-5.003520E-3	1.957660E-4	8.957500E+1	1.299460E+2	6.259990E+2
8.971700E+1	4.995840E-3	1.713510E-4	-5.003440E-3	1.969100E-4	8.986600E+1	1.302510E+2	6.299980E+2
9.001500E+1	4.995840E-3	1.739980E-4	-5.003490E-3	1.960750E-4	9.018700E+1	1.305430E+2	6.339990E+2
9.035800E+1	4.995900E-3	1.708030E-4	-5.003510E-3	2.011060E-4	9.055000E+1	1.308360E+2	6.379980E+2
9.073500E+1	4.995920E-3	1.749750E-4	-5.003500E-3	1.992460E-4	9.095300E+1	1.311340E+2	6.419990E+2
9.116900E+1	4.995970E-3	1.725200E-4	-5.003490E-3	2.012250E-4	9.139700E+1	1.314180E+2	6.459990E+2
9.162400E+1	4.995950E-3	1.754050E-4	-5.003530E-3	1.989360E-4	9.187300E+1	1.317110E+2	6.499980E+2
9.211900E+1	4.995930E-3	1.720430E-4	-5.003520E-3	1.978160E-4	9.237700E+1	1.319960E+2	6.539990E+2
9.264000E+1	4.995740E-3	1.715420E-4	-5.003450E-3	1.953360E-4	9.291500E+1	1.322830E+2	6.579980E+2
9.317400E+1	4.995770E-3	1.704220E-4	-5.003540E-3	1.928570E-4	9.345100E+1	1.325740E+2	6.619990E+2
9.371900E+1	4.995710E-3	1.663450E-4	-5.003460E-3	1.883030E-4	9.400000E+1	1.328620E+2	6.659990E+2
9.426700E+1	4.995670E-3	1.686810E-4	-5.003540E-3	1.781230E-4	9.455300E+1	1.331470E+2	6.699990E+2
9.481700E+1	4.995780E-3	1.715180E-4	-5.003520E-3	1.722340E-4	9.510600E+1	1.334330E+2	6.739990E+2
9.537900E+1	4.995760E-3	1.753570E-4	-5.003590E-3	1.673460E-4	9.566100E+1	1.337190E+2	6.779990E+2
9.593300E+1	4.995890E-3	1.802920E-4	-5.003450E-3	1.583810E-4	9.621800E+1	1.340090E+2	6.819990E+2
9.649500E+1	4.995740E-3	1.758100E-4	-5.003420E-3	1.556160E-4	9.677700E+1	1.342920E+2	6.859980E+2
9.704300E+1	4.995790E-3	1.771210E-4	-5.003350E-3	1.585720E-4	9.732700E+1	1.345760E+2	6.899990E+2
9.758300E+1	4.995840E-3	1.795050E-4	-5.003400E-3	1.534220E-4	9.786500E+1	1.348570E+2	6.939980E+2
9.812800E+1	4.995940E-3	1.751900E-4	-5.003400E-3	1.508000E-4	9.839900E+1	1.351380E+2	6.979990E+2
9.865600E+1	4.995820E-3	1.739980E-4	-5.003430E-3	1.521590E-4	9.892700E+1	1.354230E+2	7.020000E+2
9.918000E+1	4.995880E-3	1.749040E-4	-5.003430E-3	1.483920E-4	9.945200E+1	1.357030E+2	7.059980E+2
9.970400E+1	4.995890E-3	1.745220E-4	-5.003510E-3	1.491310E-4	9.997100E+1	1.359850E+2	7.100000E+2
1.002160E+2	4.995780E-3	1.750950E-4	-5.003370E-3	1.473190E-4	1.004770E+2	1.362620E+2	7.139990E+2
1.007210E+2	4.995770E-3	1.749040E-4	-5.003340E-3	1.475810E-4	1.009860E+2	1.365380E+2	7.179990E+2
1.012250E+2	4.995770E-3	1.764770E-4	-5.003440E-3	1.462700E-4	1.014840E+2	1.368220E+2	7.219990E+2
1.017250E+2	4.995770E-3	1.762630E-4	-5.003500E-3	1.456260E-4	1.019790E+2	1.370980E+2	7.259990E+2
1.022170E+2	4.995740E-3	1.731630E-4	-5.003420E-3	1.471280E-4	1.024700E+2	1.373740E+2	7.300000E+2
1.027010E+2	4.995780E-3	1.725670E-4	-5.003350E-3	1.455550E-4	1.029540E+2	1.376530E+2	7.339990E+2
1.031900E+2	4.995780E-3	1.723290E-4	-5.003500E-3	1.438140E-4	1.034380E+2	1.379240E+2	7.379980E+2
1.036710E+2	4.995820E-3	1.730440E-4	-5.003480E-3	1.444340E-4	1.039170E+2	1.382010E+2	7.419990E+2
1.041520E+2	4.995810E-3	1.703260E-4	-5.003490E-3	1.427890E-4	1.044010E+2	1.384770E+2	7.459990E+2
1.046350E+2	4.995820E-3	1.721380E-4	-5.003450E-3	1.415010E-4	1.048810E+2	1.387510E+2	7.499990E+2
1.051200E+2	4.995810E-3	1.722340E-4	-5.003450E-3	1.400230E-4	1.053640E+2	1.390220E+2	7.539990E+2
1.055970E+2	4.995850E-3	1.711610E-4	-5.003460E-3	1.396180E-4	1.058420E+2	1.392940E+2	7.580000E+2
1.060740E+2	4.995860E-3	1.721140E-4	-5.003420E-3	1.393320E-4	1.063240E+2	1.395670E+2	7.620000E+2
1.065520E+2	4.995840E-3	1.688480E-4	-5.003360E-3	1.361130E-4	1.068000E+2	1.398450E+2	7.659980E+2
1.070330E+2	4.995850E-3	1.703260E-4	-5.003410E-3	1.402140E-4	1.072750E+2	1.401110E+2	7.700000E+2
1.075080E+2	4.995820E-3	1.674890E-4	-5.003490E-3	1.365420E-4	1.077620E+2	1.403840E+2	7.739990E+2
1.079880E+2	4.995950E-3	1.680370E-4	-5.003440E-3	1.361370E-4	1.082370E+2	1.406550E+2	7.780000E+2
1.084690E+2	4.995790E-3	1.670360E-4	-5.003420E-3	1.359700E-4	1.087150E+2	1.409210E+2	7.819990E+2
1.089410E+2	4.995850E-3	1.683470E-4	-5.003390E-3	1.349690E-4	1.091860E+2	1.411900E+2	7.859980E+2
1.094120E+2	4.995820E-3	1.684900E-4	-5.003550E-3	1.365660E-4	1.096480E+2	1.414600E+2	7.899980E+2
1.098760E+2	4.995750E-3	1.676800E-4	-5.003550E-3	1.334910E-4	1.101090E+2	1.417290E+2	7.939980E+2
1.103240E+2	4.995720E-3	1.676560E-4	-5.003600E-3	1.325130E-4	1.105610E+2	1.420020E+2	7.979980E+2
1.107730E+2	4.995740E-3	1.698260E-4	-5.003520E-3	1.348260E-4	1.110020E+2	1.422660E+2	8.019980E+2
1.112070E+2	4.995850E-3	1.664640E-4	-5.003410E-3	1.353260E-4	1.114370E+2	1.425420E+2	8.059990E+2
1.116450E+2	4.995670E-3	1.656060E-4	-5.003410E-3	1.341820E-4	1.118670E+2	1.428080E+2	8.099990E+2
1.120750E+2	4.995750E-3	1.670360E-4	-5.003440E-3	1.354930E-4	1.122970E+2	1.430790E+2	8.139990E+2
1.125010E+2	4.995740E-3	1.683000E-4	-5.003430E-3	1.326800E-4	1.127160E+2	1.433500E+2	8.179990E+2
1.129170E+2	4.995710E-3	1.662970E-4	-5.003430E-3	1.332040E-4	1.131310E+2	1.436180E+2	8.220000E+2
1.133290E+2	4.995850E-3	1.654860E-4	-5.003560E-3	1.333480E-4	1.135460E+2	1.438870E+2	8.260000E+2
1.137400E+2	4.995740E-3	1.656530E-4	-5.003450E-3	1.322270E-4	1.139510E+2	1.441550E+2	8.300000E+2
1.141450E+2	4.995880E-3	1.670840E-4	-5.003400E-3	1.321080E-4	1.143570E+2	1.444280E+2	8.340000E+2
1.145470E+2	4.995880E-3	1.710410E-4	-5.003410E-3	1.323940E-4	1.147540E+2	1.446960E+2	8.380000E+2
1.149420E+2	4.995880E-3	1.647470E-4	-5.003400E-3	1.308200E-4	1.151500E+2	1.449580E+2	8.420000E+2
1.153410E+2	4.995790E-3	1.657720E-4	-5.003470E-3	1.285550E-4	1.155430E+2	1.452270E+2	8.459990E+2
1.157290E+2	4.995930E-3	1.644610E-4	-5.003460E-3	1.279830E-4	1.159300E+2	1.454930E+2	8.499990E+2
1.161180E+2	4.995780E-3	1.653190E-4	-5.003410E-3	1.312260E-4	1.163110E+2	1.457630E+2	8.539990E+2
1.165030E+2	4.995910E-3	1.698260E-4	-5.003370E-3	1.306060E-4	1.166960E+2	1.460260E+2	8.580000E+2
1.168800E+2	4.995810E-3	1.665120E-4	-5.003530E-3	1.299380E-4	1.170720E+2	1.462890E+2	8.619980E+2
1.172530E+2	4.995740E-3	1.672030E-4	-5.003510E-3	1.272680E-4	1.174490E+2	1.465580E+2	8.659990E+2
1.176270E+2	4.995690E-3	1.683000E-4	-5.003550E-3	1.301290E-4	1.178210E+2	1.468260E+2	8.700000E+2
1.179980E+2	4.995620E-3	1.649380E-4	-5.003530E-3	1.278640E-4	1.181880E+2	1.470970E+2	8.740000E+2
1.183640E+2	4.995800E-3	1.657960E-4	-5.003570E-3	1.293900E-4	1.185520E+2	1.473610E+2	8.779980E+2
1.187280E+2	4.995680E-3	1.676800E-4	-5.003530E-3	1.297000E-4	1.189140E+2	1.476320E+2	8.819990E+2
1.190900E+2	4.995790E-3	1.661060E-4	-5.003450E-3	1.281260E-4	1.192760E+2	1.478970E+2	8.859980E+2
1.194480E+2	4.995770E-3	1.672980E-4	-5.003320E-3	1.284360E-4	1.196320E+2	1.481650E+2	8.899990E+2
1.198040E+2	4.995870E-3	1.679660E-4	-5.003440E-3	1.281500E-4	1.199870E+2	1.484360E+2	8.940000E+2
1.201580E+2	4.995860E-3	1.643180E-4	-5.003520E-3	1.242880E-4	1.203370E+2	1.487050E+2	8.980000E+2
1.205080E+2	4.995840E-3	1.637700E-4	-5.003440E-3	1.256700E-4	1.206890E+2	1.489690E+2	9.020000E+2
1.208580E+2	4.995880E-3	1.672030E-4	-5.003550E-3	1.277210E-4	1.210410E+2	1.492410E+2	9.059990E+2
1.212050E+2	4.995850E-3	1.651290E-4	-5.003480E-3	1.268860E-4	1.213800E+2	1.495080E+2	9.099990E+2
1.215500E+2	4.995750E-3	1.641040E-4	-5.003560E-3	1.245260E-4	1.217270E+2	1.497780E+2	9.139990E+2
1.218950E+2	4.995720E-3	1.642700E-4	-5.003480E-3	1.248600E-4	1.220680E+2	1.500570E+2	9.179990E+2
1.222330E+2	4.995830E-3	1.672270E-4	-5.003680E-3	1.281740E-4	1.224040E+2	1.503210E+2	9.220000E+2
1.225690E+2	4.995850E-3	1.658440E-4	-5.003580E-3	1.276490E-4	1.227420E+2	1.505970E+2	9.259980E+2
1.229050E+2	4.995790E-3	1.681570E-4	-5.003590E-3	1.255510E-4	1.230800E+2	1.508680E+2	9.300000E+2
1.232370E+2	4.995710E-3	1.654860E-4	-5.003520E-3	1.275300E-4	1.234120E+2	1.511420E+2	9.340000E+2
1.235740E+2	4.995720E-3	1.668930E-4	-5.003540E-3	1.240020E-4	1.237440E+2	1.514070E+2	9.379990E+2
1.239020E+2	4.995720E-3	1.664160E-4	-5.003540E-3	1.227620E-4	1.240690E+2	1.516810E+2	9.420000E+2
1.242350E+2	4.995670E-3	1.636980E-4	-5.003580E-3	1.225710E-4	1.244020E+2	1.519520E+2	9.460000E+2
1.245560E+2	4.995670E-3	1.674650E-4	-5.003470E-3	1.277210E-4	1.247250E+2	1.522220E+2	9.499990E+2
1.248800E+2	4.995640E-3	1.639600E-4	-5.003590E-3	1.226430E-4	1.250480E+2	1.524900E+2	9.539990E+2
1.252100E+2	4.995620E-3	1.668930E-4	-5.003500E-3	1.252410E-4	1.253700E+2	1.527620E+2	9.579990E+2
1.255280E+2	4.995670E-3	1.698490E-4	-5.003590E-3	1.209740E-4	1.256910E+2	1.530360E+2	9.620000E+2
1.258480E+2	4.995600E-3	1.639600E-4	-5.003550E-3	1.268860E-4	1.260130E+2	1.533070E+2	9.659990E+2
1.261650E+2	4.995630E-3	1.685380E-4	-5.003490E-3	1.261470E-4	1.263280E+2	1.535820E+2	9.700000E+2
1.264830E+2	4.995750E-3	1.658680E-4	-5.003480E-3	1.231190E-4	1.266420E+2	1.538490E+2	9.739980E+2
1.268010E+2	4.995770E-3	1.694440E-4	-5.003550E-3	1.240250E-4	1.269580E+2	1.541180E+2	9.779990E+2
1.271100E+2	4.995750E-3	1.669650E-4	-5.003480E-3	1.254800E-4	1.272730E+2	1.543930E+2	9.820000E+2
1.274230E+2	4.995730E-3	1.654150E-4	-5.003470E-3	1.267190E-4	1.275860E+2	1.546630E+2	9.859980E+2
1.277340E+2	4.995720E-3	1.694920E-4	-5.003460E-3	1.246930E-4	1.278950E+2	1.549340E+2	9.899980E+2
1.280480E+2	4.995710E-3	1.667260E-4	-5.003520E-3	1.234290E-4	1.282070E+2	1.552040E+2	9.939990E+2
1.283630E+2	4.995770E-3	1.657720E-4	-5.003510E-3	1.264330E-4	1.285150E+2	1.554750E+2	9.980000E+2
1.286640E+2	4.995760E-3	1.659390E-4	-5.003560E-3	1.227380E-4	1.288270E+2	1.557460E+2	1.001999E+3
1.289710E+2	4.995770E-3	1.687530E-4	-5.003430E-3	1.260520E-4	1.291260E+2	1.560120E+2	1.005998E+3
1.292780E+2	4.995750E-3	1.675840E-4	-5.003500E-3	1.229290E-4	1.294340E+2	1.562860E+2	1.009998E+3
1.295820E+2	4.995790E-3	1.675370E-4	-5.003450E-3	1.262660E-4	1.297370E+2	1.565590E+2	1.013999E+3
1.298880E+2	4.995840E-3	1.683710E-4	-5.003510E-3	1.250510E-4	1.300380E+2	1.568290E+2	1.018000E+3
1.301840E+2	4.995700E-3	1.676320E-4	-5.003530E-3	1.216410E-4	1.303430E+2	1.570980E+2	1.021999E+3
1.304830E+2	4.995690E-3	1.701120E-4	-5.003420E-3	1.238820E-4	1.306440E+2	1.573690E+2	1.025999E+3
1.307870E+2	4.995790E-3	1.682760E-4	-5.003470E-3	1.253370E-4	1.309420E+2	1.576370E+2	1.030000E+3
1.310890E+2	4.995790E-3	1.657960E-4	-5.003510E-3	1.250980E-4	1.312390E+2	1.579090E+2	1.033999E+3
1.313810E+2	4.995640E-3	1.652480E-4	-5.003680E-3	1.230000E-4	1.315420E+2	1.581780E+2	1.038046E+3
1.316820E+2	4.995680E-3	1.676080E-4	-5.003520E-3	1.251700E-4	1.318370E+2	1.584450E+2	1.041999E+3
1.319760E+2	4.995790E-3	1.633640E-4	-5.003550E-3	1.217600E-4	1.321300E+2	1.587120E+2	1.045999E+3
1.322740E+2	4.995830E-3	1.674890E-4	-5.003390E-3	1.233820E-4	1.324230E+2	1.589800E+2	1.049998E+3
1.325660E+2	4.995830E-3	1.690390E-4	-5.003430E-3	1.218560E-4	1.327210E+2	1.592500E+2	1.053999E+3
1.328640E+2	4.995870E-3	1.666550E-4	-5.003400E-3	1.264330E-4	1.330150E+2	1.595140E+2	1.057998E+3
1.331560E+2	4.995730E-3	1.709220E-4	-5.003510E-3	1.231910E-4	1.333040E+2	1.597820E+2	1.061999E+3
1.334470E+2	4.995760E-3	1.705880E-4	-5.003560E-3	1.230000E-4	1.335970E+2	1.600510E+2	1.066000E+3
1.337380E+2	4.995870E-3	1.691820E-4	-5.003460E-3	1.225950E-4	1.338850E+2	1.603140E+2	1.069998E+3
1.340250E+2	4.995860E-3	1.687530E-4	-5.003460E-3	1.231190E-4	1.341760E+2	1.605870E+2	1.073999E+3
1.343170E+2	4.995860E-3	1.673220E-4	-5.003380E-3	1.225710E-4	1.344660E+2	1.608560E+2	1.077999E+3
1.346040E+2	4.995860E-3	1.676560E-4	-5.003440E-3	1.218560E-4	1.347510E+2	1.611250E+2	1.081999E+3
1.348930E+2	4.995840E-3	1.671550E-4	-5.003420E-3	1.242400E-4	1.350400E+2	1.613920E+2	1.085998E+3
1.351770E+2	4.995750E-3	1.704450E-4	-5.003420E-3	1.236680E-4	1.353340E+2	1.616560E+2	1.089999E+3
1.354640E+2	4.995810E-3	1.699920E-4	-5.003440E-3	1.216890E-4	1.356150E+2	1.619280E+2	1.093999E+3
1.357520E+2	4.995850E-3	1.688000E-4	-5.003430E-3	1.250270E-4	1.358990E+2	1.621920E+2	1.097999E+3
1.360390E+2	4.995960E-3	1.699920E-4	-5.003410E-3	1.243350E-4	1.361830E+2	1.624540E+2	1.101999E+3
1.363240E+2	4.995870E-3	1.710180E-4	-5.003400E-3	1.257420E-4	1.364680E+2	1.627210E+2	1.105998E+3
1.366090E+2	4.995870E-3	1.699920E-4	-5.003450E-3	1.254560E-4	1.367500E+2	1.629890E+2	1.110000E+3
1.368890E+2	4.995890E-3	1.715660E-4	-5.003400E-3	1.220700E-4	1.370340E+2	1.632500E+2	1.113999E+3
1.371680E+2	4.995710E-3	1.732590E-4	-5.003500E-3	1.247410E-4	1.373220E+2	1.635160E+2	1.117999E+3
1.374490E+2	4.995720E-3	1.700160E-4	-5.003550E-3	1.237150E-4	1.375970E+2	1.637790E+2	1.121999E+3
1.377360E+2	4.995760E-3	1.697540E-4	-5.003530E-3	1.243110E-4	1.378780E+2	1.640410E+2	1.125999E+3
1.380140E+2	4.995700E-3	1.718520E-4	-5.003570E-3	1.220230E-4	1.381610E+2	1.643000E+2	1.130000E+3
1.382960E+2	4.995770E-3	1.722810E-4	-5.003600E-3	1.263860E-4	1.384400E+2	1.645670E+2	1.133999E+3
1.385720E+2	4.995760E-3	1.695870E-4	-5.003560E-3	1.244780E-4	1.387170E+2	1.648250E+2	1.138000E+3
1.388490E+2	4.995690E-3	1.707790E-4	-5.003550E-3	1.232150E-4	1.389970E+2	1.650910E+2	1.141999E+3
1.391290E+2	4.995670E-3	1.703020E-4	-5.003640E-3	1.227620E-4	1.392720E+2	1.653510E+2	1.145999E+3
1.394080E+2	4.995830E-3	1.688720E-4	-5.003550E-3	1.247880E-4	1.395500E+2	1.656140E+2	1.149998E+3
1.396860E+2	4.995850E-3	1.719000E-4	-5.003300E-3	1.218800E-4	1.398240E+2	1.658730E+2	1.153999E+3
1.399600E+2	4.995850E-3	1.729250E-4	-5.003460E-3	1.211170E-4	1.401030E+2	1.661310E+2	1.157998E+3
1.402340E+2	4.995760E-3	1.713040E-4	-5.003530E-3	1.250270E-4	1.403810E+2	1.663940E+2	1.161999E+3
1.405150E+2	4.995780E-3	1.690150E-4	-5.003520E-3	1.211880E-4	1.406550E+2	1.666510E+2	1.165999E+3
1.407820E+2	4.995920E-3	1.698970E-4	-5.003520E-3	1.234770E-4	1.409310E+2	1.669130E+2	1.169999E+3
1.410580E+2	4.995890E-3	1.699690E-4	-5.003470E-3	1.229520E-4	1.411980E+2	1.671760E+2	1.173999E+3
1.413350E+2	4.995840E-3	1.716380E-4	-5.003470E-3	1.208540E-4	1.414780E+2	1.674270E+2	1.177998E+3
1.416050E+2	4.995710E-3	1.707320E-4	-5.003420E-3	1.234050E-4	1.417490E+2	1.676930E+2	1.181999E+3
1.418790E+2	4.995810E-3	1.729250E-4	-5.003510E-3	1.240970E-4	1.420220E+2	1.679530E+2	1.186000E+3
1.421520E+2	4.995700E-3	1.702550E-4	-5.003540E-3	1.253600E-4	1.422960E+2	1.682140E+2	1.190000E+3
1.424210E+2	4.995730E-3	1.711370E-4	-5.003500E-3	1.223090E-4	1.425640E+2	1.684740E+2	1.193999E+3
1.426960E+2	4.995830E-3	1.675840E-4	-5.003490E-3	1.190420E-4	1.428350E+2	1.687310E+2	1.197998E+3
1.429680E+2	4.995750E-3	1.723290E-4	-5.003390E-3	1.184940E-4	1.431050E+2	1.689900E+2	1.202000E+3
1.432350E+2	4.995700E-3	1.707790E-4	-5.003460E-3	1.236200E-4	1.433730E+2	1.692450E+2	1.205999E+3
1.435110E+2	4.995760E-3	1.725440E-4	-5.003500E-3	1.261710E-4	1.436420E+2	1.695020E+2	1.210000E+3
1.437730E+2	4.995690E-3	1.725200E-4	-5.003580E-3	1.213550E-4	1.439160E+2	1.697570E+2	1.213999E+3
1.440440E+2	4.995700E-3	1.710410E-4	-5.003530E-3	1.234050E-4	1.441810E+2	1.700130E+2	1.218000E+3
1.443100E+2	4.995730E-3	1.719950E-4	-5.003450E-3	1.216890E-4	1.444470E+2	1.702720E+2	1.221998E+3
1.445760E+2	4.995780E-3	1.720190E-4	-5.003550E-3	1.240250E-4	1.447190E+2	1.705250E+2	1.226000E+3
1.448450E+2	4.995840E-3	1.688960E-4	-5.003480E-3	1.257420E-4	1.449870E+2	1.707830E+2	1.230000E+3
1.451140E+2	4.995750E-3	1.708030E-4	-5.003430E-3	1.257180E-4	1.452510E+2	1.710360E+2	1.234000E+3
1.453820E+2	4.995840E-3	1.702550E-4	-5.003420E-3	1.216650E-4	1.455160E+2	1.712890E+2	1.237999E+3
1.456450E+2	4.995760E-3	1.731870E-4	-5.003450E-3	1.234770E-4	1.457840E+2	1.715440E+2	1.241998E+3
1.459090E+2	4.995790E-3	1.751900E-4	-5.003480E-3	1.236440E-4	1.460480E+2	1.717960E+2	1.245999E+3
1.461770E+2	4.995730E-3	1.727580E-4	-5.003490E-3	1.237630E-4	1.463120E+2	1.720540E+2	1.249998E+3
1.464410E+2	4.995700E-3	1.720430E-4	-5.003600E-3	1.235250E-4	1.465800E+2	1.723080E+2	1.253999E+3
1.467100E+2	4.995690E-3	1.731630E-4	-5.003520E-3	1.236680E-4	1.468450E+2	1.725600E+2	1.258000E+3
1.469710E+2	4.995730E-3	1.729490E-4	-5.003540E-3	1.216410E-4	1.471070E+2	1.728110E+2	1.262000E+3
1.472380E+2	4.995830E-3	1.708750E-4	-5.003620E-3	1.239540E-4	1.473680E+2	1.730680E+2	1.265999E+3
1.474970E+2	4.995770E-3	1.745460E-4	-5.003650E-3	1.246690E-4	1.476380E+2	1.733200E+2	1.269999E+3
1.477630E+2	4.995790E-3	1.704690E-4	-5.003630E-3	1.268390E-4	1.478980E+2	1.735720E+2	1.274000E+3
1.480280E+2	4.995750E-3	1.734970E-4	-5.003470E-3	1.235720E-4	1.481620E+2	1.738260E+2	1.277999E+3
1.482900E+2	4.995840E-3	1.749280E-4	-5.003500E-3	1.239300E-4	1.484240E+2	1.740790E+2	1.282000E+3
1.485510E+2	4.995860E-3	1.697540E-4	-5.003560E-3	1.211170E-4	1.486830E+2	1.743270E+2	1.286000E+3
1.488120E+2	4.995780E-3	1.724480E-4	-5.003480E-3	1.240250E-4	1.489460E+2	1.745780E+2	1.289999E+3
1.490730E+2	4.995730E-3	1.765490E-4	-5.003400E-3	1.204250E-4	1.492100E+2	1.748220E+2	1.294000E+3
1.493270E+2	4.995700E-3	1.731630E-4	-5.003380E-3	1.227380E-4	1.494690E+2	1.750770E+2	1.298000E+3
1.495890E+2	4.995750E-3	1.714940E-4	-5.003520E-3	1.241680E-4	1.497280E+2	1.753230E+2	1.302000E+3
1.498520E+2	4.995680E-3	1.733780E-4	-5.003530E-3	1.221900E-4	1.499880E+2	1.755700E+2	1.305999E+3
1.501120E+2	4.995590E-3	1.736400E-4	-5.003630E-3	1.223330E-4	1.502430E+2	1.758210E+2	1.309999E+3
1.503710E+2	4.995730E-3	1.742360E-4	-5.003550E-3	1.268150E-4	1.505060E+2	1.760680E+2	1.313998E+3
1.506330E+2	4.995740E-3	1.736640E-4	-5.003510E-3	1.229290E-4	1.507680E+2	1.763190E+2	1.318000E+3
1.508920E+2	4.995780E-3	1.730440E-4	-5.003430E-3	1.206640E-4	1.510260E+2	1.765720E+2	1.322000E+3
1.511450E+2	4.995900E-3	1.726630E-4	-5.003450E-3	1.245980E-4	1.512840E+2	1.768190E+2	1.326000E+3
1.514030E+2	4.995800E-3	1.733780E-4	-5.003340E-3	1.212120E-4	1.515420E+2	1.770630E+2	1.329999E+3
1.516650E+2	4.995750E-3	1.730200E-4	-5.003530E-3	1.245020E-4	1.517980E+2	1.773090E+2	1.333999E+3
1.519210E+2	4.995650E-3	1.770730E-4	-5.003540E-3	1.215220E-4	1.520560E+2	1.775560E+2	1.338000E+3
1.521760E+2	4.995770E-3	1.755480E-4	-5.003550E-3	1.241920E-4	1.523080E+2	1.778040E+2	1.341999E+3
1.524410E+2	4.995670E-3	1.754280E-4	-5.003560E-3	1.234770E-4	1.525650E+2	1.780490E+2	1.346000E+3
1.526890E+2	4.995810E-3	1.738310E-4	-5.003530E-3	1.230960E-4	1.528290E+2	1.782920E+2	1.350000E+3
1.529510E+2	4.995670E-3	1.761200E-4	-5.003530E-3	1.211400E-4	1.530790E+2	1.785440E+2	1.353999E+3
1.532040E+2	4.995790E-3	1.749280E-4	-5.003490E-3	1.213790E-4	1.533360E+2	1.787930E+2	1.357999E+3
1.534620E+2	4.995680E-3	1.769540E-4	-5.003600E-3	1.221420E-4	1.535900E+2	1.790380E+2	1.361999E+3
1.537150E+2	4.995610E-3	1.737830E-4	-5.003510E-3	1.211170E-4	1.538500E+2	1.792800E+2	1.365998E+3
1.539690E+2	4.995680E-3	1.741410E-4	-5.003500E-3	1.199250E-4	1.541010E+2	1.795230E+2	1.370001E+3
1.542170E+2	4.995830E-3	1.735930E-4	-5.003540E-3	1.201150E-4	1.543560E+2	1.797700E+2	1.373999E+3
1.544770E+2	4.995740E-3	1.752140E-4	-5.003490E-3	1.217600E-4	1.546090E+2	1.800170E+2	1.377999E+3
1.547310E+2	4.995840E-3	1.759770E-4	-5.003470E-3	1.200910E-4	1.548590E+2	1.802680E+2	1.382000E+3
1.549840E+2	4.995790E-3	1.732350E-4	-5.003530E-3	1.210210E-4	1.551170E+2	1.805070E+2	1.386000E+3
1.552350E+2	4.995630E-3	1.755480E-4	-5.003570E-3	1.223800E-4	1.553700E+2	1.807470E+2	1.389999E+3
1.554970E+2	4.995630E-3	1.768590E-4	-5.003530E-3	1.223560E-4	1.556190E+2	1.809960E+2	1.393999E+3
1.557490E+2	4.995690E-3	1.757860E-4	-5.003400E-3	1.209740E-4	1.558770E+2	1.812320E+2	1.397999E+3
1.559960E+2	4.995770E-3	1.755000E-4	-5.003500E-3	1.224280E-4	1.561280E+2	1.814770E+2	1.402000E+3
1.562480E+2	4.995710E-3	1.741170E-4	-5.003500E-3	1.203540E-4	1.563790E+2	1.817170E+2	1.406000E+3
1.565030E+2	4.995650E-3	1.765490E-4	-5.003660E-3	1.198530E-4	1.566310E+2	1.819610E+2	1.410000E+3
1.567520E+2	4.995610E-3	1.724000E-4	-5.003660E-3	1.220460E-4	1.568810E+2	1.822020E+2	1.413999E+3
1.570060E+2	4.995720E-3	1.755950E-4	-5.003670E-3	1.202110E-4	1.571290E+2	1.824490E+2	1.418000E+3
1.572510E+2	4.995770E-3	1.738550E-4	-5.003530E-3	1.182790E-4	1.573860E+2	1.826910E+2	1.421999E+3
1.575070E+2	4.995860E-3	1.743560E-4	-5.003500E-3	1.201150E-4	1.576330E+2	1.829320E+2	1.425999E+3
1.577550E+2	4.995910E-3	1.747610E-4	-5.003460E-3	1.203540E-4	1.578820E+2	1.831700E+2	1.430000E+3
1.580030E+2	4.995860E-3	1.704450E-4	-5.003470E-3	1.189470E-4	1.581350E+2	1.834150E+2	1.433999E+3
1.582540E+2	4.995820E-3	1.722100E-4	-5.003440E-3	1.201630E-4	1.583870E+2	1.836560E+2	1.438000E+3
1.585050E+2	4.995810E-3	1.779080E-4	-5.003400E-3	1.191850E-4	1.586330E+2	1.838970E+2	1.442000E+3
1.587530E+2	4.995720E-3	1.782180E-4	-5.003500E-3	1.213070E-4	1.588830E+2	1.841350E+2	1.445998E+3
1.590020E+2	4.995840E-3	1.753330E-4	-5.003550E-3	1.207350E-4	1.591340E+2	1.843720E+2	1.449999E+3
1.592510E+2	4.995900E-3	1.764770E-4	-5.003570E-3	1.209500E-4	1.593850E+2	1.846140E+2	1.454000E+3
1.595010E+2	4.995810E-3	1.752140E-4	-5.003480E-3	1.180170E-4	1.596320E+2	1.848540E+2	1.458000E+3
1.597490E+2	4.995760E-3	1.739980E-4	-5.003370E-3	1.211400E-4	1.598790E+2	1.850910E+2	1.461999E+3
1.599980E+2	4.995780E-3	1.747130E-4	-5.003510E-3	1.199010E-4	1.601300E+2	1.853330E+2	1.465998E+3
1.602500E+2	4.995740E-3	1.713750E-4	-5.003470E-3	1.220230E-4	1.603740E+2	1.855700E+2	1.470000E+3
1.604940E+2	4.995830E-3	1.742120E-4	-5.003530E-3	1.233340E-4	1.606220E+2	1.858080E+2	1.473999E+3
1.607390E+2	4.995740E-3	1.729010E-4	-5.003490E-3	1.186130E-4	1.608670E+2	1.860470E+2	1.478002E+3
1.609860E+2	4.995880E-3	1.728060E-4	-5.003590E-3	1.202340E-4	1.611130E+2	1.862840E+2	1.481999E+3
1.612330E+2	4.995770E-3	1.755240E-4	-5.003500E-3	1.191140E-4	1.613580E+2	1.865260E+2	1.486000E+3
1.614830E+2	4.995920E-3	1.738790E-4	-5.003600E-3	1.203300E-4	1.616080E+2	1.867670E+2	1.489999E+3
1.617290E+2	4.995720E-3	1.753090E-4	-5.003630E-3	1.177070E-4	1.618580E+2	1.870020E+2	1.494000E+3
1.619760E+2	4.995680E-3	1.761440E-4	-5.003510E-3	1.174210E-4	1.621040E+2	1.872430E+2	1.498000E+3
1.622190E+2	4.995750E-3	1.748090E-4	-5.003550E-3	1.198050E-4	1.623430E+2	1.874750E+2	1.501999E+3
1.624650E+2	4.995790E-3	1.749040E-4	-5.003480E-3	1.211880E-4	1.625910E+2	1.877140E+2	1.505998E+3
1.627130E+2	4.995740E-3	1.738790E-4	-5.003580E-3	1.205210E-4	1.628380E+2	1.879460E+2	1.509999E+3
1.629550E+2	4.995800E-3	1.753810E-4	-5.003570E-3	1.215930E-4	1.630840E+2	1.881840E+2	1.514002E+3
1.632020E+2	4.995830E-3	1.753090E-4	-5.003470E-3	1.208310E-4	1.633280E+2	1.884160E+2	1.518001E+3
1.634450E+2	4.995790E-3	1.780750E-4	-5.003550E-3	1.165150E-4	1.635680E+2	1.886550E+2	1.522000E+3
1.636880E+2	4.995840E-3	1.744990E-4	-5.003640E-3	1.193280E-4	1.638180E+2	1.888910E+2	1.525999E+3
1.639330E+2	4.995700E-3	1.729490E-4	-5.003510E-3	1.173020E-4	1.640600E+2	1.891260E+2	1.530000E+3
1.641790E+2	4.995740E-3	1.762150E-4	-5.003590E-3	1.183750E-4	1.643040E+2	1.893630E+2	1.533999E+3
1.644190E+2	4.995800E-3	1.753810E-4	-5.003470E-3	1.200910E-4	1.645480E+2	1.896000E+2	1.538000E+3
1.646670E+2	4.995660E-3	1.778600E-4	-5.003540E-3	1.188280E-4	1.647940E+2	1.898350E+2	1.541999E+3
1.649090E+2	4.995610E-3	1.761440E-4	-5.003540E-3	1.217600E-4	1.650370E+2	1.900670E+2	1.546000E+3
1.651500E+2	4.995670E-3	1.771690E-4	-5.003480E-3	1.202340E-4	1.652810E+2	1.903030E+2	1.550001E+3
1.653940E+2	4.995650E-3	1.763820E-4	-5.003500E-3	1.186610E-4	1.655220E+2	1.905340E+2	1.553999E+3
1.656410E+2	4.995800E-3	1.762150E-4	-5.003570E-3	1.188280E-4	1.657610E+2	1.907620E+2	1.557999E+3
1.658780E+2	4.995680E-3	1.767160E-4	-5.003490E-3	1.198530E-4	1.660070E+2	1.909970E+2	1.561998E+3
1.661240E+2	4.995750E-3	1.739260E-4	-5.003550E-3	1.180890E-4	1.662480E+2	1.912310E+2	1.565999E+3
1.663660E+2	4.995710E-3	1.744750E-4	-5.003680E-3	1.183270E-4	1.664920E+2	1.914610E+2	1.570000E+3
1.666050E+2	4.995720E-3	1.768110E-4	-5.003690E-3	1.177070E-4	1.667320E+2	1.916980E+2	1.573999E+3
1.668490E+2	4.995720E-3	1.775980E-4	-5.003570E-3	1.200680E-4	1.669720E+2	1.919280E+2	1.577998E+3
1.670840E+2	4.995820E-3	1.772400E-4	-5.003470E-3	1.177550E-4	1.672130E+2	1.921660E+2	1.581999E+3
1.673240E+2	4.995790E-3	1.722810E-4	-5.003530E-3	1.191140E-4	1.674540E+2	1.923950E+2	1.586002E+3
1.675680E+2	4.995840E-3	1.781940E-4	-5.003590E-3	1.189230E-4	1.676940E+2	1.926270E+2	1.590000E+3
1.678080E+2	4.995950E-3	1.751180E-4	-5.003440E-3	1.199480E-4	1.679370E+2	1.928590E+2	1.593998E+3
1.680510E+2	4.995830E-3	1.770020E-4	-5.003500E-3	1.165630E-4	1.681720E+2	1.930880E+2	1.598000E+3
1.682860E+2	4.995850E-3	1.732110E-4	-5.003540E-3	1.176830E-4	1.684150E+2	1.933220E+2	1.601998E+3
1.685340E+2	4.995690E-3	1.764300E-4	-5.003660E-3	1.159190E-4	1.686570E+2	1.935500E+2	1.605999E+3
1.687700E+2	4.995740E-3	1.769540E-4	-5.003700E-3	1.193520E-4	1.688930E+2	1.937790E+2	1.610000E+3
1.690110E+2	4.995600E-3	1.755240E-4	-5.003640E-3	1.152040E-4	1.691340E+2	1.940070E+2	1.613999E+3
1.692500E+2	4.995670E-3	1.754050E-4	-5.003750E-3	1.165390E-4	1.693710E+2	1.942400E+2	1.617999E+3
1.694900E+2	4.995710E-3	1.764540E-4	-5.003650E-3	1.179700E-4	1.696120E+2	1.944640E+2	1.622003E+3
1.697280E+2	4.995780E-3	1.750710E-4	-5.003550E-3	1.144170E-4	1.698500E+2	1.946960E+2	1.626000E+3
1.699650E+2	4.995730E-3	1.770970E-4	-5.003500E-3	1.159190E-4	1.700910E+2	1.949260E+2	1.629999E+3
1.702050E+2	4.995750E-3	1.743790E-4	-5.003680E-3	1.165630E-4	1.703290E+2	1.951530E+2	1.634000E+3
1.704410E+2	4.995710E-3	1.729010E-4	-5.003650E-3	1.163720E-4	1.705660E+2	1.953820E+2	1.638000E+3
1.706820E+2	4.995780E-3	1.733300E-4	-5.003650E-3	1.161580E-4	1.708040E+2	1.956070E+2	1.641999E+3
1.709190E+2	4.995690E-3	1.748560E-4	-5.003670E-3	1.177790E-4	1.710380E+2	1.958310E+2	1.646000E+3
1.711580E+2	4.995710E-3	1.752620E-4	-5.003610E-3	1.154660E-4	1.712770E+2	1.960590E+2	1.649999E+3
1.713940E+2	4.995670E-3	1.742360E-4	-5.003590E-3	1.176120E-4	1.715140E+2	1.962850E+2	1.653999E+3
1.716290E+2	4.995740E-3	1.770970E-4	-5.003510E-3	1.171590E-4	1.717470E+2	1.965090E+2	1.658003E+3
1.718660E+2	4.995630E-3	1.769300E-4	-5.003600E-3	1.173970E-4	1.719860E+2	1.967370E+2	1.662002E+3
1.721010E+2	4.995700E-3	1.776460E-4	-5.003490E-3	1.175400E-4	1.722260E+2	1.969690E+2	1.665999E+3
1.723390E+2	4.995650E-3	1.739260E-4	-5.003480E-3	1.170640E-4	1.724580E+2	1.971860E+2	1.669999E+3
1.725730E+2	4.995770E-3	1.771930E-4	-5.003640E-3	1.191140E-4	1.726980E+2	1.974190E+2	1.673998E+3
1.728090E+2	4.995660E-3	1.768590E-4	-5.003530E-3	1.156570E-4	1.729320E+2	1.976460E+2	1.677999E+3
1.730440E+2	4.995670E-3	1.770730E-4	-5.003560E-3	1.131300E-4	1.731630E+2	1.978710E+2	1.682000E+3
1.732780E+2	4.995720E-3	1.767640E-4	-5.003440E-3	1.142500E-4	1.734030E+2	1.980960E+2	1.685999E+3
1.735140E+2	4.995790E-3	1.757860E-4	-5.003410E-3	1.120570E-4	1.736370E+2	1.983270E+2	1.689999E+3
1.737520E+2	4.995720E-3	1.776220E-4	-5.003530E-3	1.162530E-4	1.738700E+2	1.985490E+2	1.694003E+3
1.739870E+2	4.995750E-3	1.756670E-4	-5.003540E-3	1.120570E-4	1.741090E+2	1.987770E+2	1.698003E+3
1.742190E+2	4.995550E-3	1.767640E-4	-5.003600E-3	1.145120E-4	1.743420E+2	1.990020E+2	1.701999E+3
1.744560E+2	4.995700E-3	1.748560E-4	-5.003410E-3	1.158240E-4	1.745760E+2	1.992270E+2	1.705999E+3
1.746880E+2	4.995630E-3	1.732590E-4	-5.003560E-3	1.165150E-4	1.748090E+2	1.994520E+2	1.709999E+3
1.749180E+2	4.995750E-3	1.752620E-4	-5.003530E-3	1.145120E-4	1.750460E+2	1.996750E+2	1.714000E+3
1.751560E+2	4.995700E-3	1.798630E-4	-5.003540E-3	1.160860E-4	1.752780E+2	1.998980E+2	1.717999E+3
1.753910E+2	4.995710E-3	1.764060E-4	-5.003500E-3	1.142020E-4	1.755140E+2	2.001240E+2	1.721998E+3
1.756240E+2	4.995730E-3	1.763820E-4	-5.003410E-3	1.137020E-4	1.757450E+2	2.003400E+2	1.725998E+3
1.758560E+2	4.995860E-3	1.740460E-4	-5.003390E-3	1.167060E-4	1.759740E+2	2.005660E+2	1.730003E+3
1.760900E+2	4.995770E-3	1.773830E-4	-5.003450E-3	1.143460E-4	1.762090E+2	2.007840E+2	1.734005E+3
1.763260E+2	4.995820E-3	1.749990E-4	-5.003480E-3	1.155380E-4	1.764400E+2	2.010080E+2	1.738000E+3
1.765550E+2	4.995790E-3	1.778600E-4	-5.003510E-3	1.141550E-4	1.766750E+2	2.012340E+2	1.741998E+3
1.767840E+2	4.995730E-3	1.748320E-4	-5.003520E-3	1.155380E-4	1.769080E+2	2.014520E+2	1.745999E+3
1.770150E+2	4.995760E-3	1.784800E-4	-5.003550E-3	1.165150E-4	1.771380E+2	2.016740E+2	1.749998E+3
1.772490E+2	4.995670E-3	1.796250E-4	-5.003570E-3	1.168490E-4	1.773690E+2	2.019010E+2	1.754000E+3
1.774820E+2	4.995700E-3	1.754050E-4	-5.003650E-3	1.169200E-4	1.775990E+2	2.021170E+2	1.757999E+3
1.777140E+2	4.995800E-3	1.782180E-4	-5.003570E-3	1.136780E-4	1.778300E+2	2.023390E+2	1.762000E+3
1.779460E+2	4.995730E-3	1.750710E-4	-5.003490E-3	1.141310E-4	1.780620E+2	2.025580E+2	1.766004E+3
1.781730E+2	4.995710E-3	1.756910E-4	-5.003500E-3	1.170870E-4	1.782950E+2	2.027770E+2	1.770000E+3
1.784060E+2	4.995660E-3	1.793860E-4	-5.003510E-3	1.179930E-4	1.785240E+2	2.029930E+2	1.773999E+3
1.786340E+2	4.995650E-3	1.783850E-4	-5.003580E-3	1.197810E-4	1.787530E+2	2.032170E+2	1.778000E+3
1.788680E+2	4.995610E-3	1.770730E-4	-5.003570E-3	1.141790E-4	1.789830E+2	2.034380E+2	1.781999E+3
1.790950E+2	4.995820E-3	1.780030E-4	-5.003560E-3	1.181130E-4	1.792150E+2	2.036560E+2	1.785999E+3
1.793270E+2	4.995710E-3	1.796960E-4	-5.003510E-3	1.146790E-4	1.794440E+2	2.038790E+2	1.790000E+3
1.795540E+2	4.995710E-3	1.785760E-4	-5.003490E-3	1.147510E-4	1.796740E+2	2.040940E+2	1.793999E+3
1.797850E+2	4.995760E-3	1.779080E-4	-5.003440E-3	1.132970E-4	1.799010E+2	2.043190E+2	1.798000E+3
1.800130E+2	4.995600E-3	1.818180E-4	-5.003490E-3	1.175170E-4	1.801340E+2	2.045390E+2	1.802003E+3
1.802440E+2	4.995730E-3	1.770260E-4	-5.003570E-3	1.137730E-4	1.803620E+2	2.047620E+2	1.806003E+3
1.804730E+2	4.995620E-3	1.804590E-4	-5.003570E-3	1.161810E-4	1.805920E+2	2.049770E+2	1.809999E+3
1.807020E+2	4.995660E-3	1.781940E-4	-5.003520E-3	1.155610E-4	1.808210E+2	2.052020E+2	1.813999E+3
1.809270E+2	4.995720E-3	1.761200E-4	-5.003500E-3	1.145120E-4	1.810510E+2	2.054190E+2	1.817999E+3
1.811560E+2	4.995770E-3	1.791240E-4	-5.003620E-3	1.168250E-4	1.812780E+2	2.056400E+2	1.821998E+3
1.813860E+2	4.995730E-3	1.779790E-4	-5.003500E-3	1.154420E-4	1.815050E+2	2.058580E+2	1.826000E+3
1.816140E+2	4.995850E-3	1.810550E-4	-5.003460E-3	1.153470E-4	1.817350E+2	2.060730E+2	1.829998E+3
1.818450E+2	4.995770E-3	1.800780E-4	-5.003510E-3	1.156810E-4	1.819640E+2	2.062960E+2	1.834000E+3
1.820720E+2	4.995700E-3	1.812460E-4	-5.003480E-3	1.133440E-4	1.821890E+2	2.065140E+2	1.838004E+3
1.823000E+2	4.995770E-3	1.772170E-4	-5.003500E-3	1.123190E-4	1.824140E+2	2.067260E+2	1.842000E+3
1.825230E+2	4.995690E-3	1.795290E-4	-5.003600E-3	1.140360E-4	1.826420E+2	2.069460E+2	1.846000E+3
1.827510E+2	4.995730E-3	1.780750E-4	-5.003420E-3	1.142980E-4	1.828710E+2	2.071590E+2	1.849999E+3
1.829820E+2	4.995850E-3	1.802210E-4	-5.003410E-3	1.141550E-4	1.830950E+2	2.073700E+2	1.853999E+3
1.832070E+2	4.995750E-3	1.796480E-4	-5.003530E-3	1.149180E-4	1.833200E+2	2.075880E+2	1.857998E+3
1.834340E+2	4.995800E-3	1.812460E-4	-5.003530E-3	1.147030E-4	1.835500E+2	2.078070E+2	1.862000E+3
1.836630E+2	4.995730E-3	1.783850E-4	-5.003530E-3	1.151080E-4	1.837770E+2	2.080240E+2	1.865999E+3
1.838860E+2	4.995670E-3	1.793620E-4	-5.003500E-3	1.116510E-4	1.840000E+2	2.082340E+2	1.870000E+3
1.841140E+2	4.995740E-3	1.791240E-4	-5.003530E-3	1.151800E-4	1.842270E+2	2.084520E+2	1.874004E+3
1.843330E+2	4.995780E-3	1.801970E-4	-5.003440E-3	1.163960E-4	1.844530E+2	2.086700E+2	1.878004E+3
1.845580E+2	4.995750E-3	1.792430E-4	-5.003360E-3	1.147030E-4	1.846810E+2	2.088830E+2	1.881999E+3
1.847870E+2	4.995680E-3	1.793860E-4	-5.003440E-3	1.115560E-4	1.849050E+2	2.090960E+2	1.885999E+3
1.850150E+2	4.995690E-3	1.770730E-4	-5.003540E-3	1.193280E-4	1.851300E+2	2.093110E+2	1.889999E+3
1.852380E+2	4.995670E-3	1.804830E-4	-5.003410E-3	1.163240E-4	1.853560E+2	2.095280E+2	1.893998E+3
1.854650E+2	4.995710E-3	1.780510E-4	-5.003370E-3	1.139400E-4	1.855820E+2	2.097430E+2	1.897999E+3
1.856900E+2	4.995730E-3	1.806500E-4	-5.003430E-3	1.125340E-4	1.858050E+2	2.099550E+2	1.901999E+3
1.859130E+2	4.995710E-3	1.825330E-4	-5.003480E-3	1.127240E-4	1.860290E+2	2.101720E+2	1.905999E+3
1.861320E+2	4.995730E-3	1.800780E-4	-5.003400E-3	1.136060E-4	1.862560E+2	2.103820E+2	1.910004E+3
1.863600E+2	4.995590E-3	1.805310E-4	-5.003510E-3	1.133200E-4	1.864770E+2	2.105920E+2	1.914004E+3
1.865840E+2	4.995590E-3	1.777650E-4	-5.003550E-3	1.137260E-4	1.867040E+2	2.108080E+2	1.917998E+3
1.868070E+2	4.995650E-3	1.784800E-4	-5.003470E-3	1.156570E-4	1.869250E+2	2.110220E+2	1.922000E+3
1.870340E+2	4.995820E-3	1.785280E-4	-5.003480E-3	1.142980E-4	1.871480E+2	2.112290E+2	1.925999E+3
1.872580E+2	4.995800E-3	1.783130E-4	-5.003540E-3	1.133920E-4	1.873740E+2	2.114410E+2	1.929999E+3
1.874810E+2	4.995710E-3	1.816030E-4	-5.003560E-3	1.170400E-4	1.875960E+2	2.116520E+2	1.933999E+3
1.877070E+2	4.995560E-3	1.777890E-4	-5.003530E-3	1.147990E-4	1.878210E+2	2.118630E+2	1.937999E+3
1.879310E+2	4.995550E-3	1.806500E-4	-5.003630E-3	1.139640E-4	1.880440E+2	2.120740E+2	1.942000E+3
1.881520E+2	4.995570E-3	1.769780E-4	-5.003580E-3	1.125810E-4	1.882650E+2	2.122820E+2	1.946004E+3
1.883760E+2	4.995620E-3	1.787660E-4	-5.003600E-3	1.160620E-4	1.884910E+2	2.124980E+2	1.949999E+3
1.885970E+2	4.995610E-3	1.803640E-4	-5.003470E-3	1.147030E-4	1.887080E+2	2.127000E+2	1.954000E+3
1.888180E+2	4.995690E-3	1.812700E-4	-5.003490E-3	1.167300E-4	1.889360E+2	2.129130E+2	1.957999E+3
1.890420E+2	4.995750E-3	1.796250E-4	-5.003510E-3	1.138690E-4	1.891540E+2	2.131250E+2	1.961999E+3
1.892630E+2	4.995700E-3	1.802210E-4	-5.003500E-3	1.163240E-4	1.893790E+2	2.133370E+2	1.966000E+3
1.894830E+2	4.995740E-3	1.811740E-4	-5.003360E-3	1.139880E-4	1.896010E+2	2.135370E+2	1.969998E+3
1.897050E+2	4.995660E-3	1.799580E-4	-5.003480E-3	1.143460E-4	1.898200E+2	2.137520E+2	1.974000E+3
1.899250E+2	4.995700E-3	1.809120E-4	-5.003530E-3	1.159910E-4	1.900390E+2	2.139530E+2	1.977998E+3
1.901500E+2	4.995650E-3	1.793860E-4	-5.003570E-3	1.140590E-4	1.902600E+2	2.141580E+2	1.982005E+3
1.903690E+2	4.995660E-3	1.801970E-4	-5.003490E-3	1.119610E-4	1.904840E+2	2.143760E+2	1.985999E+3
1.905870E+2	4.995590E-3	1.816270E-4	-5.003540E-3	1.160380E-4	1.907040E+2	2.145770E+2	1.990000E+3
1.908150E+2	4.995620E-3	1.805540E-4	-5.003410E-3	1.129870E-4	1.909240E+2	2.147860E+2	1.993999E+3
1.910350E+2	4.995810E-3	1.813170E-4	-5.003420E-3	1.173730E-4	1.911450E+2	2.149870E+2	1.997999E+3
1.912550E+2	4.995770E-3	1.798870E-4	-5.003370E-3	1.116990E-4	1.913650E+2	2.151960E+2	2.001999E+3
1.914680E+2	4.995730E-3	1.809840E-4	-5.003440E-3	1.122710E-4	1.915870E+2	2.154040E+2	2.005999E+3
1.916940E+2	4.995800E-3	1.782660E-4	-5.003390E-3	1.141070E-4	1.918050E+2	2.156080E+2	2.009999E+3
1.919070E+2	4.995690E-3	1.803160E-4	-5.003620E-3	1.131770E-4	1.920230E+2	2.158140E+2	2.013999E+3
1.921320E+2	4.995710E-3	1.788380E-4	-5.003610E-3	1.130100E-4	1.922440E+2	2.160230E+2	2.018004E+3
1.923500E+2	4.995770E-3	1.782660E-4	-5.003540E-3	1.136780E-4	1.924610E+2	2.162310E+2	2.021998E+3
1.925690E+2	4.995640E-3	1.799580E-4	-5.003370E-3	1.070020E-4	1.926850E+2	2.164340E+2	2.025999E+3
1.927940E+2	4.995660E-3	1.803640E-4	-5.003500E-3	1.126770E-4	1.929010E+2	2.166410E+2	2.029999E+3
1.930080E+2	4.995710E-3	1.786470E-4	-5.003520E-3	1.107450E-4	1.931210E+2	2.168460E+2	2.033998E+3
1.932240E+2	4.995650E-3	1.786710E-4	-5.003520E-3	1.118660E-4	1.933370E+2	2.170510E+2	2.038000E+3
1.934420E+2	4.995730E-3	1.778840E-4	-5.003580E-3	1.131770E-4	1.935610E+2	2.172580E+2	2.042053E+3
1.936600E+2	4.995700E-3	1.772400E-4	-5.003500E-3	1.129150E-4	1.937760E+2	2.174620E+2	2.045999E+3
1.938800E+2	4.995590E-3	1.784320E-4	-5.003480E-3	1.083140E-4	1.939930E+2	2.176660E+2	2.050002E+3
1.940970E+2	4.995620E-3	1.778360E-4	-5.003550E-3	1.107690E-4	1.942120E+2	2.178680E+2	2.054006E+3
1.943130E+2	4.995680E-3	1.777410E-4	-5.003580E-3	1.117230E-4	1.944310E+2	2.180730E+2	2.057998E+3
1.945360E+2	4.995570E-3	1.784800E-4	-5.003530E-3	1.109360E-4	1.946470E+2	2.182830E+2	2.061999E+3
1.947520E+2	4.995690E-3	1.781700E-4	-5.003590E-3	1.104350E-4	1.948640E+2	2.184820E+2	2.065998E+3
1.949680E+2	4.995680E-3	1.785040E-4	-5.003450E-3	1.117710E-4	1.950800E+2	2.186910E+2	2.070000E+3
1.951850E+2	4.995720E-3	1.797440E-4	-5.003390E-3	1.078840E-4	1.952990E+2	2.188910E+2	2.074001E+3
1.953990E+2	4.995760E-3	1.789090E-4	-5.003410E-3	1.083850E-4	1.955150E+2	2.191010E+2	2.077998E+3
1.956240E+2	4.995760E-3	1.774310E-4	-5.003420E-3	1.119140E-4	1.957330E+2	2.193060E+2	2.081999E+3
1.958360E+2	4.995810E-3	1.781460E-4	-5.003460E-3	1.088620E-4	1.959490E+2	2.195110E+2	2.086002E+3
1.960500E+2	4.995890E-3	1.806020E-4	-5.003450E-3	1.097440E-4	1.961680E+2	2.197120E+2	2.090007E+3
1.962650E+2	4.995700E-3	1.771930E-4	-5.003470E-3	1.101970E-4	1.963810E+2	2.199190E+2	2.093998E+3
1.964880E+2	4.995720E-3	1.786710E-4	-5.003630E-3	1.102920E-4	1.965960E+2	2.201280E+2	2.097998E+3
1.967010E+2	4.995620E-3	1.775500E-4	-5.003490E-3	1.107220E-4	1.968130E+2	2.203260E+2	2.101999E+3
1.969180E+2	4.995640E-3	1.788620E-4	-5.003490E-3	1.085760E-4	1.970320E+2	2.205300E+2	2.105999E+3
1.971330E+2	4.995690E-3	1.783370E-4	-5.003540E-3	1.138210E-4	1.972420E+2	2.207380E+2	2.109998E+3
1.973450E+2	4.995620E-3	1.786470E-4	-5.003410E-3	1.112940E-4	1.974580E+2	2.209350E+2	2.113999E+3
1.975580E+2	4.995620E-3	1.810790E-4	-5.003460E-3	1.083610E-4	1.976690E+2	2.211410E+2	2.117999E+3
1.977770E+2	4.995570E-3	1.800300E-4	-5.003570E-3	1.100060E-4	1.978890E+2	2.213460E+2	2.122002E+3
1.979930E+2	4.995630E-3	1.788140E-4	-5.003490E-3	1.085280E-4	1.981070E+2	2.215460E+2	2.126007E+3
1.982080E+2	4.995570E-3	1.826520E-4	-5.003520E-3	1.104830E-4	1.983140E+2	2.217440E+2	2.129998E+3
1.984200E+2	4.995790E-3	1.813170E-4	-5.003450E-3	1.103160E-4	1.985330E+2	2.219450E+2	2.133999E+3
1.986370E+2	4.995660E-3	1.822470E-4	-5.003450E-3	1.098870E-4	1.987420E+2	2.221500E+2	2.137998E+3
1.988430E+2	4.995770E-3	1.786710E-4	-5.003460E-3	1.103400E-4	1.989570E+2	2.223540E+2	2.141999E+3
1.990620E+2	4.995750E-3	1.772640E-4	-5.003430E-3	1.129870E-4	1.991730E+2	2.225550E+2	2.146004E+3
1.992780E+2	4.995720E-3	1.797680E-4	-5.003480E-3	1.124140E-4	1.993880E+2	2.227600E+2	2.149999E+3
1.994890E+2	4.995670E-3	1.834150E-4	-5.003460E-3	1.108650E-4	1.996030E+2	2.229610E+2	2.153998E+3
1.997040E+2	4.995780E-3	1.791950E-4	-5.003440E-3	1.107220E-4	1.998140E+2	2.231590E+2	2.158001E+3
1.999180E+2	4.995670E-3	1.821040E-4	-5.003480E-3	1.104350E-4	2.000280E+2	2.233610E+2	2.162007E+3
2.001310E+2	4.995700E-3	1.834870E-4	-5.003570E-3	1.125570E-4	2.002470E+2	2.235520E+2	2.166000E+3
2.003430E+2	4.995710E-3	1.815080E-4	-5.003490E-3	1.121520E-4	2.004590E+2	2.237500E+2	2.170003E+3
2.005540E+2	4.995690E-3	1.791720E-4	-5.003510E-3	1.092670E-4	2.006670E+2	2.239500E+2	2.174002E+3
2.007700E+2	4.995770E-3	1.861100E-4	-5.003440E-3	1.115800E-4	2.008790E+2	2.241480E+2	2.177999E+3
2.009840E+2	4.995680E-3	1.839400E-4	-5.003470E-3	1.123430E-4	2.010930E+2	2.243490E+2	2.182004E+3
2.011930E+2	4.995680E-3	1.821520E-4	-5.003530E-3	1.099350E-4	2.013050E+2	2.245470E+2	2.185999E+3
2.014070E+2	4.995810E-3	1.807450E-4	-5.003460E-3	1.082900E-4	2.015140E+2	2.247430E+2	2.189998E+3
2.016170E+2	4.995760E-3	1.822230E-4	-5.003440E-3	1.108170E-4	2.017250E+2	2.249400E+2	2.193999E+3
2.018280E+2	4.995750E-3	1.798150E-4	-5.003440E-3	1.082900E-4	2.019390E+2	2.251380E+2	2.198007E+3
2.020430E+2	4.995680E-3	1.810790E-4	-5.003570E-3	1.100780E-4	2.021520E+2	2.253400E+2	2.201999E+3
2.022510E+2	4.995680E-3	1.830580E-4	-5.003450E-3	1.079560E-4	2.023610E+2	2.255420E+2	2.206002E+3
2.024640E+2	4.995800E-3	1.813650E-4	-5.003610E-3	1.105310E-4	2.025710E+2	2.257390E+2	2.210002E+3
2.026730E+2	4.995710E-3	1.823660E-4	-5.003620E-3	1.109120E-4	2.027860E+2	2.259390E+2	2.213998E+3
2.028870E+2	4.995640E-3	1.807210E-4	-5.003560E-3	1.103880E-4	2.029930E+2	2.261440E+2	2.218004E+3
2.030950E+2	4.995670E-3	1.795770E-4	-5.003610E-3	1.119380E-4	2.032020E+2	2.263450E+2	2.221999E+3
2.033110E+2	4.995600E-3	1.806260E-4	-5.003570E-3	1.117710E-4	2.034190E+2	2.265390E+2	2.225998E+3
2.035160E+2	4.995740E-3	1.847510E-4	-5.003420E-3	1.083370E-4	2.036310E+2	2.267370E+2	2.229998E+3
2.037260E+2	4.995700E-3	1.795050E-4	-5.003500E-3	1.103160E-4	2.038370E+2	2.269340E+2	2.234007E+3
2.039380E+2	4.995800E-3	1.818180E-4	-5.003430E-3	1.062630E-4	2.040460E+2	2.271270E+2	2.238000E+3
2.041490E+2	4.995770E-3	1.834870E-4	-5.003380E-3	1.130340E-4	2.042560E+2	2.273290E+2	2.242003E+3
2.043590E+2	4.995830E-3	1.832960E-4	-5.003420E-3	1.118420E-4	2.044690E+2	2.275160E+2	2.245998E+3
2.045720E+2	4.995740E-3	1.827720E-4	-5.003460E-3	1.102690E-4	2.046770E+2	2.277130E+2	2.250001E+3
2.047800E+2	4.995700E-3	1.841070E-4	-5.003520E-3	1.117230E-4	2.048890E+2	2.279060E+2	2.253998E+3
2.049860E+2	4.995750E-3	1.803640E-4	-5.003410E-3	1.070740E-4	2.050930E+2	2.281090E+2	2.258000E+3
2.051990E+2	4.995880E-3	1.800780E-4	-5.003340E-3	1.080750E-4	2.053040E+2	2.283080E+2	2.261999E+3
2.054030E+2	4.995750E-3	1.806740E-4	-5.003290E-3	1.083610E-4	2.055130E+2	2.285010E+2	2.265999E+3
2.056160E+2	4.995810E-3	1.817940E-4	-5.003380E-3	1.035930E-4	2.057250E+2	2.286900E+2	2.270008E+3
2.058240E+2	4.995870E-3	1.821520E-4	-5.003420E-3	1.079560E-4	2.059300E+2	2.288870E+2	2.274000E+3
2.060350E+2	4.995720E-3	1.821280E-4	-5.003360E-3	1.086240E-4	2.061380E+2	2.290780E+2	2.278003E+3
2.062410E+2	4.995680E-3	1.797440E-4	-5.003460E-3	1.112220E-4	2.063500E+2	2.292690E+2	2.282002E+3
2.064460E+2	4.995730E-3	1.807210E-4	-5.003460E-3	1.051900E-4	2.065560E+2	2.294650E+2	2.286001E+3
2.066550E+2	4.995750E-3	1.848940E-4	-5.003390E-3	1.101020E-4	2.067630E+2	2.296550E+2	2.290004E+3
2.068660E+2	4.995770E-3	1.786710E-4	-5.003360E-3	1.089810E-4	2.069700E+2	2.298490E+2	2.294002E+3
2.070740E+2	4.995750E-3	1.817700E-4	-5.003420E-3	1.063820E-4	2.071770E+2	2.300420E+2	2.298002E+3
2.072750E+2	4.995720E-3	1.822470E-4	-5.003440E-3	1.091240E-4	2.073850E+2	2.302320E+2	2.302006E+3
2.074870E+2	4.995630E-3	1.830580E-4	-5.003590E-3	1.062150E-4	2.075950E+2	2.304230E+2	2.306009E+3
2.076930E+2	4.995650E-3	1.817230E-4	-5.003600E-3	1.095530E-4	2.077980E+2	2.306160E+2	2.310000E+3
2.079030E+2	4.995690E-3	1.806970E-4	-5.003610E-3	1.087190E-4	2.080050E+2	2.308130E+2	2.314004E+3
2.081120E+2	4.995720E-3	1.821520E-4	-5.003570E-3	1.071210E-4	2.082140E+2	2.309970E+2	2.318000E+3
2.083170E+2	4.995650E-3	1.821760E-4	-5.003510E-3	1.064780E-4	2.084200E+2	2.311950E+2	2.322000E+3
2.085190E+2	4.995690E-3	1.823660E-4	-5.003420E-3	1.046180E-4	2.086270E+2	2.313860E+2	2.325999E+3
2.087230E+2	4.995840E-3	1.801970E-4	-5.003500E-3	1.054760E-4	2.088340E+2	2.315760E+2	2.330001E+3
2.089300E+2	4.995730E-3	1.820800E-4	-5.003490E-3	1.057860E-4	2.090360E+2	2.317640E+2	2.333999E+3
2.091400E+2	4.995650E-3	1.791950E-4	-5.003490E-3	1.056910E-4	2.092460E+2	2.319550E+2	2.337999E+3
2.093460E+2	4.995750E-3	1.832010E-4	-5.003470E-3	1.049760E-4	2.094500E+2	2.321450E+2	2.342008E+3
2.095530E+2	4.995700E-3	1.804110E-4	-5.003530E-3	1.060490E-4	2.096570E+2	2.323350E+2	2.346000E+3
2.097540E+2	4.995750E-3	1.848700E-4	-5.003460E-3	1.088620E-4	2.098600E+2	2.325210E+2	2.350003E+3
2.099550E+2	4.995590E-3	1.794100E-4	-5.003570E-3	1.052860E-4	2.100700E+2	2.327160E+2	2.354001E+3
2.101690E+2	4.995670E-3	1.812460E-4	-5.003520E-3	1.021390E-4	2.102680E+2	2.329050E+2	2.358001E+3
2.103700E+2	4.995690E-3	1.811500E-4	-5.003670E-3	1.057620E-4	2.104800E+2	2.330940E+2	2.362004E+3
2.105710E+2	4.995710E-3	1.809840E-4	-5.003530E-3	1.055000E-4	2.106830E+2	2.332860E+2	2.366000E+3
2.107810E+2	4.995720E-3	1.778360E-4	-5.003540E-3	1.052140E-4	2.108850E+2	2.334750E+2	2.370001E+3
2.109850E+2	4.995840E-3	1.770970E-4	-5.003440E-3	1.068120E-4	2.110950E+2	2.336600E+2	2.374004E+3
2.111870E+2	4.995840E-3	1.738070E-4	-5.003420E-3	1.023050E-4	2.112960E+2	2.338520E+2	2.378009E+3
2.113950E+2	4.995720E-3	1.782890E-4	-5.003420E-3	1.057150E-4	2.114990E+2	2.340330E+2	2.382000E+3
2.115940E+2	4.995740E-3	1.775980E-4	-5.003520E-3	1.022340E-4	2.116980E+2	2.342290E+2	2.385999E+3
2.117930E+2	4.995700E-3	1.780030E-4	-5.003410E-3	1.022100E-4	2.119040E+2	2.344110E+2	2.389999E+3
2.120030E+2	4.995720E-3	1.764300E-4	-5.003480E-3	1.020670E-4	2.121060E+2	2.345950E+2	2.393999E+3
2.122030E+2	4.995730E-3	1.778130E-4	-5.003500E-3	1.007800E-4	2.123100E+2	2.347870E+2	2.398006E+3
2.124110E+2	4.995650E-3	1.769540E-4	-5.003570E-3	1.022340E-4	2.125110E+2	2.349690E+2	2.401999E+3
2.126060E+2	4.995770E-3	1.785520E-4	-5.003420E-3	1.032830E-4	2.127180E+2	2.351590E+2	2.406000E+3
2.128110E+2	4.995700E-3	1.763340E-4	-5.003560E-3	9.856220E-5	2.129180E+2	2.353460E+2	2.410001E+3
2.130160E+2	4.995730E-3	1.769300E-4	-5.003530E-3	1.031640E-4	2.131200E+2	2.355300E+2	2.414007E+3
2.132160E+2	4.995630E-3	1.753570E-4	-5.003560E-3	9.608270E-5	2.133280E+2	2.357190E+2	2.418001E+3
2.134230E+2	4.995640E-3	1.719240E-4	-5.003530E-3	9.601120E-5	2.135290E+2	2.359090E+2	2.422000E+3
2.136250E+2	4.995720E-3	1.705880E-4	-5.003510E-3	9.567740E-5	2.137250E+2	2.360900E+2	2.425999E+3
2.138250E+2	4.995640E-3	1.689200E-4	-5.003560E-3	9.071830E-5	2.139270E+2	2.362760E+2	2.429999E+3
2.140210E+2	4.995710E-3	1.693250E-4	-5.003520E-3	9.357930E-5	2.141290E+2	2.364610E+2	2.434006E+3
2.142270E+2	4.995700E-3	1.687770E-4	-5.003500E-3	9.362700E-5	2.143310E+2	2.366480E+2	2.437999E+3
2.144250E+2	4.995780E-3	1.672030E-4	-5.003490E-3	9.202960E-5	2.145310E+2	2.368340E+2	2.442001E+3
2.146250E+2	4.995680E-3	1.678470E-4	-5.003440E-3	9.596350E-5	2.147320E+2	2.370180E+2	2.446004E+3
2.148260E+2	4.995710E-3	1.685380E-4	-5.003490E-3	9.167190E-5	2.149330E+2	2.372060E+2	2.450009E+3
2.150310E+2	4.995640E-3	1.692770E-4	-5.003510E-3	9.477140E-5	2.151330E+2	2.373880E+2	2.454000E+3
2.152260E+2	4.995790E-3	1.707790E-4	-5.003430E-3	9.069440E-5	2.153330E+2	2.375760E+2	2.457998E+3
2.154300E+2	4.995630E-3	1.662730E-4	-5.003450E-3	9.245870E-5	2.155340E+2	2.377580E+2	2.462001E+3
2.156290E+2	4.995670E-3	1.677510E-4	-5.003530E-3	9.100440E-5	2.157320E+2	2.379460E+2	2.466001E+3
2.158330E+2	4.995700E-3	1.680610E-4	-5.003570E-3	9.167190E-5	2.159320E+2	2.381280E+2	2.470004E+3
2.160240E+2	4.995650E-3	1.675130E-4	-5.003500E-3	9.365080E-5	2.161290E+2	2.383130E+2	2.474000E+3
2.162250E+2	4.995770E-3	1.702310E-4	-5.003490E-3	9.357930E-5	2.163290E+2	2.384970E+2	2.478002E+3
2.164280E+2	4.995740E-3	1.696590E-4	-5.003430E-3	9.489060E-5	2.165220E+2	2.386840E+2	2.481999E+3
2.166240E+2	4.995750E-3	1.720190E-4	-5.003510E-3	9.460450E-5	2.167290E+2	2.388640E+2	2.486010E+3
2.168250E+2	4.995580E-3	1.678470E-4	-5.003530E-3	9.343620E-5	2.169230E+2	2.390480E+2	2.490001E+3
2.170250E+2	4.995730E-3	1.716380E-4	-5.003440E-3	8.997920E-5	2.171230E+2	2.392340E+2	2.493999E+3
2.172260E+2	4.995640E-3	1.690860E-4	-5.003520E-3	9.303090E-5	2.173190E+2	2.394200E+2	2.498000E+3
2.174180E+2	4.995670E-3	1.689910E-4	-5.003440E-3	9.381770E-5	2.175210E+2	2.395980E+2	2.502004E+3
2.176180E+2	4.995770E-3	1.738550E-4	-5.003460E-3	9.343620E-5	2.177170E+2	2.397860E+2	2.505999E+3
2.178160E+2	4.995720E-3	1.701830E-4	-5.003510E-3	9.377000E-5	2.179130E+2	2.399690E+2	2.509999E+3
2.180130E+2	4.995780E-3	1.813170E-4	-5.003470E-3	9.353160E-5	2.181150E+2	2.401470E+2	2.514001E+3
2.182100E+2	4.995810E-3	1.757860E-4	-5.003510E-3	9.047990E-5	2.183080E+2	2.403320E+2	2.518000E+3
2.184080E+2	4.995750E-3	1.664160E-4	-5.003450E-3	9.098050E-5	2.185120E+2	2.405170E+2	2.522008E+3
2.186030E+2	4.995860E-3	1.691340E-4	-5.003430E-3	8.947850E-5	2.187050E+2	2.406940E+2	2.526001E+3
2.187990E+2	4.995770E-3	1.683000E-4	-5.003600E-3	9.026530E-5	2.189020E+2	2.408830E+2	2.529999E+3
2.189970E+2	4.995810E-3	1.714470E-4	-5.003570E-3	9.067060E-5	2.191010E+2	2.410650E+2	2.533998E+3
2.191920E+2	4.995810E-3	1.677270E-4	-5.003440E-3	9.093280E-5	2.192950E+2	2.412400E+2	2.538002E+3
2.193980E+2	4.995870E-3	1.671790E-4	-5.003530E-3	9.312630E-5	2.194920E+2	2.414250E+2	2.541999E+3
2.195830E+2	4.995960E-3	1.811500E-4	-5.003400E-3	9.183880E-5	2.196840E+2	2.416070E+2	2.545999E+3
2.197840E+2	4.995830E-3	1.703980E-4	-5.003470E-3	9.222030E-5	2.198810E+2	2.417900E+2	2.549998E+3
2.199770E+2	4.995850E-3	1.688000E-4	-5.003460E-3	9.193420E-5	2.200800E+2	2.419760E+2	2.554005E+3
2.201710E+2	4.995710E-3	1.683950E-4	-5.003480E-3	9.148120E-5	2.202740E+2	2.421560E+2	2.558009E+3
2.203730E+2	4.995710E-3	1.708510E-4	-5.003530E-3	9.226800E-5	2.204740E+2	2.423370E+2	2.561999E+3
2.205670E+2	4.995770E-3	1.661060E-4	-5.003550E-3	8.981230E-5	2.206680E+2	2.425230E+2	2.566000E+3
2.207600E+2	4.995750E-3	1.680610E-4	-5.003600E-3	8.790490E-5	2.208610E+2	2.427070E+2	2.569999E+3
2.209550E+2	4.995610E-3	1.643660E-4	-5.003640E-3	8.840560E-5	2.210580E+2	2.428810E+2	2.574002E+3
2.211480E+2	4.995720E-3	1.639130E-4	-5.003510E-3	8.943080E-5	2.212520E+2	2.430630E+2	2.577999E+3
2.213410E+2	4.995710E-3	1.667500E-4	-5.003490E-3	8.873940E-5	2.214440E+2	2.432510E+2	2.581999E+3
2.215390E+2	4.995680E-3	1.663680E-4	-5.003470E-3	8.773800E-5	2.216360E+2	2.434210E+2	2.585999E+3
2.217370E+2	4.995570E-3	1.668210E-4	-5.003570E-3	8.542540E-5	2.217860E+2	2.435590E+2	2.589059E+3
2.218820E+2	4.995720E-3	1.654150E-4	-5.003470E-3	9.005070E-5	2.219820E+2	2.437370E+2	2.593004E+3
2.220750E+2	4.995790E-3	1.666550E-4	-5.003410E-3	8.819100E-5	2.221750E+2	2.439150E+2	2.597000E+3
2.222670E+2	4.995720E-3	1.665350E-4	-5.003440E-3	8.544920E-5	2.223680E+2	2.440970E+2	2.601039E+3
2.224600E+2	4.995740E-3	1.653430E-4	-5.003470E-3	8.742810E-5	2.225590E+2	2.442780E+2	2.604999E+3
2.226540E+2	4.995820E-3	1.688240E-4	-5.003510E-3	8.723740E-5	2.227550E+2	2.444540E+2	2.609000E+3
2.228470E+2	4.995700E-3	1.661300E-4	-5.003520E-3	8.749960E-5	2.229490E+2	2.446310E+2	2.613004E+3
2.230410E+2	4.995710E-3	1.636980E-4	-5.003600E-3	8.735660E-5	2.230970E+2	2.447640E+2	2.616098E+3
2.231860E+2	4.995650E-3	1.706360E-4	-5.003570E-3	8.847710E-5	2.232840E+2	2.449410E+2	2.619998E+3
2.233720E+2	4.995890E-3	1.799580E-4	-5.003570E-3	8.935930E-5	2.234790E+2	2.451170E+2	2.623999E+3
2.235650E+2	4.995700E-3	1.667980E-4	-5.003570E-3	8.656980E-5	2.236690E+2	2.453000E+2	2.627999E+3
2.237630E+2	4.995800E-3	1.672510E-4	-5.003470E-3	8.604530E-5	2.238630E+2	2.454800E+2	2.632040E+3
2.239560E+2	4.995680E-3	1.680610E-4	-5.003590E-3	8.597370E-5	2.240550E+2	2.456570E+2	2.635998E+3
2.241460E+2	4.995640E-3	1.684190E-4	-5.003560E-3	8.778570E-5	2.242460E+2	2.458350E+2	2.640000E+3
2.243360E+2	4.995610E-3	1.711130E-4	-5.003540E-3	8.847710E-5	2.244380E+2	2.460080E+2	2.644004E+3
2.245290E+2	4.995790E-3	1.692060E-4	-5.003470E-3	8.869170E-5	2.246280E+2	2.461820E+2	2.648040E+3
2.247210E+2	4.995630E-3	1.694440E-4	-5.003390E-3	8.993150E-5	2.248220E+2	2.463640E+2	2.651999E+3
2.249140E+2	4.995630E-3	1.694200E-4	-5.003550E-3	8.718970E-5	2.250110E+2	2.465370E+2	2.655998E+3
2.251070E+2	4.995750E-3	1.672270E-4	-5.003470E-3	9.040830E-5	2.252040E+2	2.467100E+2	2.660000E+3
2.252980E+2	4.995680E-3	1.682280E-4	-5.003450E-3	8.785720E-5	2.253950E+2	2.468920E+2	2.664038E+3
2.254870E+2	4.995720E-3	1.695630E-4	-5.003450E-3	9.055140E-5	2.255860E+2	2.470700E+2	2.668000E+3
2.256800E+2	4.995780E-3	1.695390E-4	-5.003460E-3	8.986000E-5	2.257790E+2	2.472450E+2	2.672000E+3
2.258670E+2	4.995740E-3	1.664400E-4	-5.003470E-3	8.664130E-5	2.259630E+2	2.474210E+2	2.676004E+3
2.260580E+2	4.995770E-3	1.677510E-4	-5.003440E-3	8.554460E-5	2.261570E+2	2.476050E+2	2.680040E+3
2.262490E+2	4.995750E-3	1.663210E-4	-5.003510E-3	8.931160E-5	2.263510E+2	2.477790E+2	2.684010E+3
2.264410E+2	4.995820E-3	1.701120E-4	-5.003440E-3	8.757110E-5	2.265370E+2	2.479480E+2	2.688002E+3
2.266340E+2	4.995990E-3	1.785990E-4	-5.003350E-3	8.945470E-5	2.267260E+2	2.481270E+2	2.691999E+3
2.268230E+2	4.995960E-3	1.677990E-4	-5.003310E-3	8.800030E-5	2.269190E+2	2.482990E+2	2.696039E+3
2.270060E+2	4.995840E-3	1.655340E-4	-5.003400E-3	8.692740E-5	2.271070E+2	2.484770E+2	2.700000E+3
2.271990E+2	4.995830E-3	1.676560E-4	-5.003420E-3	8.614060E-5	2.273000E+2	2.486500E+2	2.704000E+3
2.273930E+2	4.995870E-3	1.684900E-4	-5.003520E-3	8.647440E-5	2.274850E+2	2.488250E+2	2.707999E+3
2.275820E+2	4.995820E-3	1.683470E-4	-5.003380E-3	8.425710E-5	2.276720E+2	2.489990E+2	2.712040E+3
2.277630E+2	4.995750E-3	1.698260E-4	-5.003430E-3	8.687970E-5	2.278620E+2	2.491810E+2	2.715999E+3
2.279550E+2	4.995630E-3	1.699210E-4	-5.003460E-3	8.695130E-5	2.280490E+2	2.493530E+2	2.720011E+3
2.281480E+2	4.995840E-3	1.708510E-4	-5.003370E-3	8.792880E-5	2.282380E+2	2.495280E+2	2.724000E+3
2.283340E+2	4.995690E-3	1.707320E-4	-5.003480E-3	9.117130E-5	2.284230E+2	2.497060E+2	2.728039E+3
2.285210E+2	4.995640E-3	1.711370E-4	-5.003500E-3	8.862020E-5	2.286180E+2	2.498640E+2	2.731998E+3
2.287060E+2	4.995830E-3	1.825810E-4	-5.003400E-3	9.045600E-5	2.288080E+2	2.499810E+2	2.735999E+3
2.288970E+2	4.995840E-3	1.694680E-4	-5.003360E-3	9.157660E-5	2.289910E+2	2.500670E+2	2.740000E+3
2.290840E+2	4.995790E-3	1.690390E-4	-5.003330E-3	9.138580E-5	2.291820E+2	2.501270E+2	2.744039E+3
2.292690E+2	4.995760E-3	1.684900E-4	-5.003380E-3	9.026530E-5	2.293690E+2	2.501500E+2	2.747999E+3
2.294570E+2	4.995730E-3	1.714940E-4	-5.003310E-3	8.587840E-5	2.295090E+2	2.501660E+2	2.751059E+3
2.295950E+2	4.995760E-3	1.693960E-4	-5.003450E-3	8.654590E-5	2.296900E+2	2.501650E+2	2.755000E+3
2.297800E+2	4.995710E-3	1.657010E-4	-5.003290E-3	8.285050E-5	2.298740E+2	2.501550E+2	2.759000E+3
2.299620E+2	4.995820E-3	1.665590E-4	-5.003330E-3	8.494850E-5	2.300580E+2	2.501430E+2	2.762998E+3
2.301460E+2	4.995790E-3	1.622680E-4	-5.003330E-3	7.848740E-5	2.302350E+2	2.501270E+2	2.766998E+3
2.303250E+2	4.995780E-3	1.638410E-4	-5.003320E-3	8.490090E-5	2.304140E+2	2.501100E+2	2.770998E+3
2.305020E+2	4.995740E-3	1.628640E-4	-5.003430E-3	7.805820E-5	2.305950E+2	2.500920E+2	2.775000E+3
2.306790E+2	4.995840E-3	1.590250E-4	-5.003430E-3	7.040500E-5	2.307280E+2	2.500810E+2	2.778098E+3
2.308070E+2	4.996010E-3	1.662020E-4	-5.003370E-3	7.290840E-5	2.308970E+2	2.500640E+2	2.781998E+3
2.309810E+2	4.995800E-3	1.556870E-4	-5.003430E-3	7.536410E-5	2.310700E+2	2.500480E+2	2.785999E+3
2.311480E+2	4.995730E-3	1.563070E-4	-5.003440E-3	7.340910E-5	2.312380E+2	2.500440E+2	2.789998E+3
2.313190E+2	4.995680E-3	1.552340E-4	-5.003370E-3	7.116790E-5	2.314040E+2	2.500350E+2	2.794039E+3
2.314820E+2	4.995670E-3	1.532080E-4	-5.003460E-3	6.933210E-5	2.315720E+2	2.500290E+2	2.798000E+3
2.316550E+2	4.995780E-3	1.517060E-4	-5.003460E-3	6.902220E-5	2.317390E+2	2.500210E+2	2.801998E+3
2.318170E+2	4.995850E-3	1.502510E-4	-5.003460E-3	6.649490E-5	2.318640E+2	2.500210E+2	2.805060E+3
2.319330E+2	4.995840E-3	1.454110E-4	-5.003520E-3	6.406310E-5	2.320170E+2	2.500130E+2	2.808998E+3
2.320930E+2	4.995810E-3	1.480580E-4	-5.003530E-3	6.706720E-5	2.321740E+2	2.500100E+2	2.812999E+3
2.322520E+2	4.995830E-3	1.483920E-4	-5.003410E-3	6.527900E-5	2.323330E+2	2.500070E+2	2.816999E+3
2.324030E+2	4.995780E-3	1.484630E-4	-5.003410E-3	6.611350E-5	2.324800E+2	2.500080E+2	2.820999E+3
2.325540E+2	4.995680E-3	1.479630E-4	-5.003450E-3	6.482600E-5	2.326390E+2	2.500050E+2	2.824999E+3
2.327100E+2	4.995640E-3	1.477240E-4	-5.003470E-3	6.220340E-5	2.327870E+2	2.500070E+2	2.828999E+3
2.328620E+2	4.995760E-3	1.462700E-4	-5.003410E-3	6.070140E-5	2.329060E+2	2.500080E+2	2.832061E+3
2.329750E+2	4.995710E-3	1.476530E-4	-5.003380E-3	6.062980E-5	2.330480E+2	2.500040E+2	2.835998E+3
2.331200E+2	4.995680E-3	1.487970E-4	-5.003460E-3	6.315710E-5	2.331950E+2	2.500040E+2	2.839999E+3
2.332620E+2	4.995670E-3	1.435280E-4	-5.003260E-3	5.950930E-5	2.333350E+2	2.500050E+2	2.844039E+3
2.334070E+2	4.995770E-3	1.466750E-4	-5.003290E-3	6.217960E-5	2.334740E+2	2.500030E+2	2.847998E+3
2.335450E+2	4.995810E-3	1.450780E-4	-5.003310E-3	5.652900E-5	2.336210E+2	2.499990E+2	2.851999E+3
2.336830E+2	4.995880E-3	1.437660E-4	-5.003240E-3	6.015300E-5	2.337520E+2	2.500000E+2	2.856000E+3
2.338190E+2	4.995920E-3	1.434330E-4	-5.003360E-3	5.850790E-5	2.338600E+2	2.500030E+2	2.859099E+3
2.339250E+2	4.995880E-3	1.475100E-4	-5.003390E-3	6.346700E-5	2.339920E+2	2.500010E+2	2.862998E+3
2.340530E+2	4.995750E-3	1.448630E-4	-5.003480E-3	6.072520E-5	2.341250E+2	2.500060E+2	2.866998E+3
2.341880E+2	4.995720E-3	1.465560E-4	-5.003470E-3	6.146430E-5	2.342540E+2	2.500060E+2	2.870999E+3
2.343200E+2	4.995770E-3	1.478430E-4	-5.003500E-3	6.215570E-5	2.343820E+2	2.500050E+2	2.875040E+3
2.344430E+2	4.995750E-3	1.447200E-4	-5.003500E-3	6.051060E-5	2.345080E+2	2.500030E+2	2.878999E+3
2.345710E+2	4.995800E-3	1.478200E-4	-5.003500E-3	6.034370E-5	2.346410E+2	2.500080E+2	2.882999E+3
2.346990E+2	4.995730E-3	1.480580E-4	-5.003490E-3	5.931850E-5	2.347380E+2	2.500060E+2	2.886061E+3
2.347930E+2	4.995770E-3	1.466750E-4	-5.003410E-3	6.291870E-5	2.348560E+2	2.500050E+2	2.889999E+3
2.349150E+2	4.995840E-3	1.552820E-4	-5.003500E-3	6.003380E-5	2.349760E+2	2.500060E+2	2.894000E+3
2.350350E+2	4.995560E-3	1.477240E-4	-5.003460E-3	6.010530E-5	2.351010E+2	2.500060E+2	2.897999E+3
2.351570E+2	4.995710E-3	1.461270E-4	-5.003530E-3	6.153580E-5	2.352170E+2	2.500040E+2	2.901999E+3
2.352750E+2	4.995730E-3	1.467940E-4	-5.003310E-3	6.186960E-5	2.353360E+2	2.500020E+2	2.905999E+3
2.353920E+2	4.995740E-3	1.484390E-4	-5.003350E-3	6.413460E-5	2.354550E+2	2.500050E+2	2.910000E+3
2.355050E+2	4.995690E-3	1.460310E-4	-5.003520E-3	6.303790E-5	2.355640E+2	2.500060E+2	2.913999E+3
2.356180E+2	4.995750E-3	1.474620E-4	-5.003410E-3	6.258490E-5	2.356790E+2	2.500080E+2	2.918012E+3
2.357330E+2	4.995700E-3	1.463170E-4	-5.003420E-3	6.365780E-5	2.357910E+2	2.500030E+2	2.922003E+3
2.358450E+2	4.995570E-3	1.455780E-4	-5.003500E-3	5.967620E-5	2.359010E+2	2.500040E+2	2.925999E+3
2.359520E+2	4.995610E-3	1.463650E-4	-5.003580E-3	6.248950E-5	2.360090E+2	2.500040E+2	2.930000E+3
2.360590E+2	4.995630E-3	1.475570E-4	-5.003590E-3	6.098750E-5	2.361150E+2	2.500000E+2	2.933999E+3
2.361700E+2	4.995670E-3	1.447920E-4	-5.003600E-3	6.153580E-5	2.362180E+2	2.500050E+2	2.937999E+3
2.362750E+2	4.995680E-3	1.482250E-4	-5.003440E-3	6.268020E-5	2.363230E+2	2.499990E+2	2.941999E+3
2.363760E+2	4.995680E-3	1.465560E-4	-5.003340E-3	6.449220E-5	2.364290E+2	2.500050E+2	2.946000E+3
2.364810E+2	4.995840E-3	1.448150E-4	-5.003420E-3	5.879400E-5	2.365080E+2	2.500040E+2	2.949061E+3
2.365550E+2	4.995830E-3	1.465560E-4	-5.003410E-3	5.908010E-5	2.365860E+2	2.500040E+2	2.952062E+3
2.366310E+2	4.995990E-3	1.569990E-4	-5.003390E-3	6.179810E-5	2.366580E+2	2.500030E+2	2.955062E+3
2.367070E+2	4.995870E-3	1.472000E-4	-5.003330E-3	6.232260E-5	2.367320E+2	2.500040E+2	2.958099E+3
2.367780E+2	4.995750E-3	1.459360E-4	-5.003410E-3	5.960460E-5	2.368050E+2	2.500090E+2	2.961060E+3
2.368520E+2	4.995730E-3	1.457450E-4	-5.003450E-3	5.986690E-5	2.368780E+2	2.500060E+2	2.964062E+3
2.369200E+2	4.995820E-3	1.476290E-4	-5.003430E-3	6.251340E-5	2.369530E+2	2.500050E+2	2.967061E+3
2.369980E+2	4.995700E-3	1.470330E-4	-5.003450E-3	6.415840E-5	2.370530E+2	2.500030E+2	2.970999E+3
2.370930E+2	4.995770E-3	1.483680E-4	-5.003440E-3	6.423000E-5	2.371390E+2	2.500020E+2	2.974999E+3
2.371870E+2	4.995800E-3	1.488920E-4	-5.003440E-3	6.222720E-5	2.372320E+2	2.500020E+2	2.979000E+3
2.372790E+2	4.995850E-3	1.465080E-4	-5.003380E-3	5.998610E-5	2.373050E+2	2.500080E+2	2.982062E+3
2.373430E+2	4.995840E-3	1.502510E-4	-5.003370E-3	6.120210E-5	2.373730E+2	2.500030E+2	2.985062E+3
2.374160E+2	4.995710E-3	1.474860E-4	-5.003540E-3	5.946160E-5	2.374450E+2	2.500090E+2	2.988062E+3
2.374830E+2	4.995700E-3	1.474380E-4	-5.003390E-3	6.523130E-5	2.375240E+2	2.500070E+2	2.992000E+3
2.375680E+2	4.995710E-3	1.485590E-4	-5.003400E-3	6.551740E-5	2.376180E+2	2.500050E+2	2.995998E+3
2.376610E+2	4.995700E-3	1.503710E-4	-5.003280E-3	6.661410E-5	2.377080E+2	2.500040E+2	3.000000E+3
2.377460E+2	4.995800E-3	1.501800E-4	-5.003310E-3	6.551740E-5	2.377880E+2	2.500040E+2	3.004000E+3
2.378310E+2	4.995750E-3	1.495120E-4	-5.003450E-3	6.601810E-5	2.378750E+2	2.500020E+2	3.008014E+3
2.379170E+2	4.995840E-3	1.588580E-4	-5.003470E-3	6.165500E-5	2.379590E+2	2.500040E+2	3.012006E+3
2.379980E+2	4.995730E-3	1.492980E-4	-5.003310E-3	6.511210E-5	2.380470E+2	2.500090E+2	3.016000E+3
2.380840E+2	4.995780E-3	1.469850E-4	-5.003320E-3	6.265640E-5	2.381220E+2	2.500030E+2	3.019999E+3
2.381650E+2	4.995750E-3	1.465800E-4	-5.003340E-3	6.062980E-5	2.382090E+2	2.500040E+2	3.024000E+3
2.382460E+2	4.995650E-3	1.474140E-4	-5.003340E-3	5.571840E-5	2.382710E+2	2.500010E+2	3.027061E+3
2.383030E+2	4.995600E-3	1.470330E-4	-5.003370E-3	5.629060E-5	2.383300E+2	2.500030E+2	3.030063E+3
2.383610E+2	4.995600E-3	1.457450E-4	-5.003500E-3	6.427770E-5	2.384080E+2	2.500000E+2	3.034001E+3
2.384450E+2	4.995680E-3	1.466990E-4	-5.003480E-3	6.339550E-5	2.384780E+2	2.500030E+2	3.038001E+3
2.385220E+2	4.995750E-3	1.467940E-4	-5.003450E-3	6.129740E-5	2.385660E+2	2.499970E+2	3.042000E+3
2.386000E+2	4.995750E-3	1.474860E-4	-5.003490E-3	6.268020E-5	2.386340E+2	2.500020E+2	3.046000E+3
2.386720E+2	4.995680E-3	1.485350E-4	-5.003370E-3	6.196500E-5	2.387140E+2	2.500060E+2	3.050000E+3
2.387480E+2	4.995790E-3	1.484630E-4	-5.003440E-3	6.430150E-5	2.387880E+2	2.500020E+2	3.054002E+3
2.388210E+2	4.995680E-3	1.473190E-4	-5.003510E-3	6.144050E-5	2.388470E+2	2.500100E+2	3.057098E+3
2.388740E+2	4.995750E-3	1.500840E-4	-5.003410E-3	6.010530E-5	2.388950E+2	2.500060E+2	3.060062E+3
2.389290E+2	4.995720E-3	1.510140E-4	-5.003420E-3	6.287100E-5	2.389520E+2	2.500040E+2	3.063062E+3
2.389870E+2	4.995580E-3	1.497980E-4	-5.003410E-3	6.263260E-5	2.390080E+2	2.500060E+2	3.066062E+3
2.390410E+2	4.995650E-3	1.501800E-4	-5.003510E-3	6.012920E-5	2.390600E+2	2.500060E+2	3.069063E+3
2.390860E+2	4.995710E-3	1.468900E-4	-5.003340E-3	5.986690E-5	2.391100E+2	2.500030E+2	3.072099E+3
2.391390E+2	4.995740E-3	1.471040E-4	-5.003450E-3	6.337170E-5	2.391650E+2	2.500040E+2	3.075063E+3
2.392010E+2	4.995700E-3	1.477480E-4	-5.003490E-3	6.144050E-5	2.392330E+2	2.500080E+2	3.079001E+3
2.392630E+2	4.995720E-3	1.468660E-4	-5.003410E-3	6.287100E-5	2.392980E+2	2.500030E+2	3.083001E+3
2.393290E+2	4.995710E-3	1.476290E-4	-5.003470E-3	6.158350E-5	2.393650E+2	2.500010E+2	3.087001E+3
2.393970E+2	4.995810E-3	1.585720E-4	-5.003460E-3	6.210800E-5	2.394330E+2	2.500070E+2	3.091001E+3
2.394640E+2	4.995650E-3	1.482960E-4	-5.003390E-3	6.330010E-5	2.394980E+2	2.500050E+2	3.095001E+3
2.395290E+2	4.995630E-3	1.513480E-4	-5.003420E-3	6.222720E-5	2.395690E+2	2.500050E+2	3.099000E+3
2.395930E+2	4.995610E-3	1.493930E-4	-5.003300E-3	6.248950E-5	2.396140E+2	2.500020E+2	3.102061E+3
2.396420E+2	4.995760E-3	1.476760E-4	-5.003380E-3	6.170270E-5	2.396630E+2	2.500070E+2	3.105100E+3
2.396920E+2	4.995750E-3	1.483920E-4	-5.003360E-3	6.072520E-5	2.397090E+2	2.500010E+2	3.108064E+3
2.397370E+2	4.995670E-3	1.492980E-4	-5.003380E-3	5.998610E-5	2.397540E+2	2.499990E+2	3.111063E+3
2.397830E+2	4.995630E-3	1.481770E-4	-5.003410E-3	6.225110E-5	2.398020E+2	2.500020E+2	3.114062E+3
2.398260E+2	4.995620E-3	1.497510E-4	-5.003450E-3	6.310940E-5	2.398430E+2	2.500000E+2	3.117062E+3
2.398760E+2	4.995640E-3	1.551630E-4	-5.003390E-3	6.372930E-5	2.398930E+2	2.500030E+2	3.120062E+3
2.399200E+2	4.995770E-3	1.489880E-4	-5.003380E-3	6.775860E-5	2.399520E+2	2.499980E+2	3.124002E+3
2.399790E+2	4.995690E-3	1.512530E-4	-5.003390E-3	6.515980E-5	2.400120E+2	2.500020E+2	3.128000E+3
2.400360E+2	4.995660E-3	1.515870E-4	-5.003420E-3	6.494520E-5	2.400730E+2	2.500050E+2	3.132001E+3
2.400980E+2	4.995610E-3	1.511810E-4	-5.003410E-3	6.508830E-5	2.401310E+2	2.500030E+2	3.136001E+3
2.401590E+2	4.995640E-3	1.511810E-4	-5.003270E-3	6.337170E-5	2.401880E+2	2.500060E+2	3.140002E+3
2.402170E+2	4.995630E-3	1.479630E-4	-5.003330E-3	6.690030E-5	2.402420E+2	2.500020E+2	3.144001E+3
2.402760E+2	4.995740E-3	1.514200E-4	-5.003360E-3	5.891320E-5	2.402850E+2	2.500030E+2	3.147062E+3
2.403090E+2	4.995740E-3	1.518490E-4	-5.003280E-3	6.544590E-5	2.403450E+2	2.499990E+2	3.151000E+3
2.403690E+2	4.995660E-3	1.494410E-4	-5.003380E-3	6.506440E-5	2.403930E+2	2.500040E+2	3.155039E+3
2.404290E+2	4.995600E-3	1.506570E-4	-5.003470E-3	6.127360E-5	2.404550E+2	2.500030E+2	3.159002E+3
2.404800E+2	4.995730E-3	1.510860E-4	-5.003400E-3	5.922320E-5	2.404950E+2	2.500060E+2	3.162063E+3
2.405200E+2	4.995780E-3	1.506570E-4	-5.003310E-3	6.017690E-5	2.405310E+2	2.500040E+2	3.165064E+3
2.405600E+2	4.995650E-3	1.466750E-4	-5.003450E-3	6.170270E-5	2.405720E+2	2.500060E+2	3.168062E+3
2.406030E+2	4.995620E-3	1.481060E-4	-5.003380E-3	6.248950E-5	2.406270E+2	2.500000E+2	3.172000E+3
2.406570E+2	4.995700E-3	1.510620E-4	-5.003330E-3	6.456380E-5	2.406800E+2	2.500000E+2	3.176001E+3
2.406990E+2	4.995620E-3	1.511810E-4	-5.003380E-3	6.647110E-5	2.407340E+2	2.499980E+2	3.180002E+3
2.407570E+2	4.995660E-3	1.516580E-4	-5.003370E-3	6.203650E-5	2.407700E+2	2.500080E+2	3.183063E+3
2.407970E+2	4.995640E-3	1.534220E-4	-5.003400E-3	6.408690E-5	2.408100E+2	2.500000E+2	3.186099E+3
2.408350E+2	4.995740E-3	1.503470E-4	-5.003330E-3	5.943780E-5	2.408450E+2	2.500010E+2	3.189062E+3
2.408760E+2	4.995710E-3	1.499180E-4	-5.003420E-3	6.175040E-5	2.408830E+2	2.500060E+2	3.192063E+3
2.409090E+2	4.995710E-3	1.526590E-4	-5.003430E-3	6.537440E-5	2.409190E+2	2.500030E+2	3.195064E+3
2.409460E+2	4.995670E-3	1.503710E-4	-5.003370E-3	6.034370E-5	2.409560E+2	2.500090E+2	3.198064E+3
2.409830E+2	4.995730E-3	1.537080E-4	-5.003330E-3	5.998610E-5	2.409880E+2	2.500050E+2	3.201064E+3
2.410150E+2	4.995690E-3	1.491790E-4	-5.003390E-3	6.685260E-5	2.410370E+2	2.500030E+2	3.205001E+3
2.410630E+2	4.995670E-3	1.531360E-4	-5.003430E-3	6.375310E-5	2.410880E+2	2.499980E+2	3.209002E+3
2.411190E+2	4.995620E-3	1.530170E-4	-5.003370E-3	6.496910E-5	2.411350E+2	2.500020E+2	3.213001E+3
2.411570E+2	4.995730E-3	1.513480E-4	-5.003370E-3	6.623270E-5	2.411700E+2	2.500090E+2	3.216064E+3
2.411960E+2	4.995610E-3	1.523260E-4	-5.003540E-3	6.263260E-5	2.412040E+2	2.500030E+2	3.219098E+3
2.412260E+2	4.995650E-3	1.543050E-4	-5.003470E-3	6.256100E-5	2.412440E+2	2.500040E+2	3.222064E+3
2.412600E+2	4.995740E-3	1.492980E-4	-5.003510E-3	6.434920E-5	2.412760E+2	2.499990E+2	3.225062E+3
2.412990E+2	4.995780E-3	1.536370E-4	-5.003370E-3	6.628040E-5	2.413080E+2	2.500080E+2	3.228065E+3
2.413310E+2	4.995790E-3	1.502040E-4	-5.003370E-3	6.148820E-5	2.413450E+2	2.500010E+2	3.231063E+3
2.413600E+2	4.995690E-3	1.492740E-4	-5.003310E-3	6.382470E-5	2.413860E+2	2.500020E+2	3.235040E+3
2.414080E+2	4.995700E-3	1.503470E-4	-5.003490E-3	6.527900E-5	2.414270E+2	2.500040E+2	3.239001E+3
2.414460E+2	4.995740E-3	1.528740E-4	-5.003460E-3	6.458760E-5	2.414720E+2	2.500080E+2	3.243002E+3
2.414930E+2	4.995540E-3	1.514430E-4	-5.003550E-3	6.356240E-5	2.415030E+2	2.500030E+2	3.246064E+3
2.415250E+2	4.995790E-3	1.650570E-4	-5.003340E-3	6.294250E-5	2.415420E+2	2.500020E+2	3.249065E+3
2.415580E+2	4.995790E-3	1.490120E-4	-5.003420E-3	6.518360E-5	2.415800E+2	2.500040E+2	3.253003E+3
2.416010E+2	4.995710E-3	1.531600E-4	-5.003310E-3	6.468300E-5	2.416210E+2	2.500050E+2	3.257001E+3
2.416450E+2	4.995610E-3	1.551390E-4	-5.003380E-3	6.644730E-5	2.416630E+2	2.500070E+2	3.261003E+3
2.416830E+2	4.995630E-3	1.513960E-4	-5.003340E-3	6.287100E-5	2.416940E+2	2.499970E+2	3.264064E+3
2.417150E+2	4.995750E-3	1.502510E-4	-5.003360E-3	6.134510E-5	2.417250E+2	2.500000E+2	3.267100E+3
2.417440E+2	4.995640E-3	1.523490E-4	-5.003360E-3	6.291870E-5	2.417580E+2	2.499960E+2	3.270063E+3
2.417750E+2	4.995710E-3	1.490120E-4	-5.003370E-3	6.330010E-5	2.417870E+2	2.500000E+2	3.273065E+3
2.418040E+2	4.995650E-3	1.524210E-4	-5.003340E-3	6.172660E-5	2.418180E+2	2.499990E+2	3.276063E+3
2.418370E+2	4.995700E-3	1.515390E-4	-5.003290E-3	6.134510E-5	2.418470E+2	2.500010E+2	3.279065E+3
2.418620E+2	4.995690E-3	1.557590E-4	-5.003370E-3	6.346700E-5	2.418770E+2	2.499960E+2	3.282064E+3
2.418920E+2	4.995650E-3	1.512050E-4	-5.003410E-3	6.668570E-5	2.419130E+2	2.500020E+2	3.286001E+3
2.419330E+2	4.995750E-3	1.551630E-4	-5.003400E-3	6.856920E-5	2.419530E+2	2.500020E+2	3.290002E+3
2.419680E+2	4.995640E-3	1.531600E-4	-5.003370E-3	6.256100E-5	2.419910E+2	2.499990E+2	3.294002E+3
2.420130E+2	4.995590E-3	1.516820E-4	-5.003270E-3	6.606580E-5	2.420220E+2	2.500010E+2	3.297064E+3
2.420310E+2	4.995660E-3	1.536370E-4	-5.003230E-3	6.361010E-5	2.420500E+2	2.500030E+2	3.300099E+3
2.420660E+2	4.995690E-3	1.559730E-4	-5.003360E-3	6.706720E-5	2.420720E+2	2.500010E+2	3.303064E+3
2.420940E+2	4.995570E-3	1.550200E-4	-5.003390E-3	6.551740E-5	2.421020E+2	2.500050E+2	3.306065E+3
2.421230E+2	4.995520E-3	1.557350E-4	-5.003480E-3	6.332400E-5	2.421260E+2	2.499960E+2	3.309064E+3
2.421500E+2	4.995610E-3	1.514430E-4	-5.003340E-3	6.973740E-5	2.421530E+2	2.500060E+2	3.312065E+3
2.421750E+2	4.995620E-3	1.536850E-4	-5.003340E-3	6.403920E-5	2.421850E+2	2.499980E+2	3.315064E+3
2.421960E+2	4.995590E-3	1.545670E-4	-5.003430E-3	6.332400E-5	2.422100E+2	2.500060E+2	3.318099E+3
2.422270E+2	4.995740E-3	1.524450E-4	-5.003410E-3	6.515980E-5	2.422380E+2	2.500070E+2	3.321064E+3
2.422560E+2	4.995660E-3	1.520160E-4	-5.003460E-3	6.253720E-5	2.422650E+2	2.500030E+2	3.324065E+3
2.422870E+2	4.995590E-3	1.518010E-4	-5.003440E-3	6.246570E-5	2.422910E+2	2.500030E+2	3.327064E+3
2.423070E+2	4.995660E-3	1.534700E-4	-5.003430E-3	6.368160E-5	2.423190E+2	2.500000E+2	3.330065E+3
2.423340E+2	4.995630E-3	1.507760E-4	-5.003500E-3	6.268020E-5	2.423390E+2	2.500000E+2	3.333099E+3
2.423610E+2	4.995630E-3	1.525880E-4	-5.003440E-3	6.146430E-5	2.423720E+2	2.500030E+2	3.336064E+3
2.423850E+2	4.995700E-3	1.530170E-4	-5.003400E-3	6.275180E-5	2.423910E+2	2.500020E+2	3.339065E+3
2.424090E+2	4.995730E-3	1.547100E-4	-5.003560E-3	6.611350E-5	2.424150E+2	2.500000E+2	3.342065E+3
2.424330E+2	4.995750E-3	1.526830E-4	-5.003550E-3	6.625650E-5	2.424440E+2	2.499980E+2	3.345064E+3
2.424620E+2	4.995670E-3	1.537080E-4	-5.003440E-3	6.494520E-5	2.424680E+2	2.499980E+2	3.348065E+3
2.424820E+2	4.995750E-3	1.531600E-4	-5.003570E-3	6.632810E-5	2.425010E+2	2.500010E+2	3.352003E+3
2.425190E+2	4.995700E-3	1.560210E-4	-5.003510E-3	6.353860E-5	2.425220E+2	2.500010E+2	3.355078E+3
2.425430E+2	4.995730E-3	1.537080E-4	-5.003390E-3	6.484990E-5	2.425520E+2	2.500020E+2	3.358066E+3
2.425600E+2	4.995730E-3	1.519200E-4	-5.003580E-3	6.625650E-5	2.425760E+2	2.500060E+2	3.361064E+3
2.425880E+2	4.995740E-3	1.544480E-4	-5.003460E-3	6.327630E-5	2.425970E+2	2.499980E+2	3.364078E+3
2.426100E+2	4.995740E-3	1.548050E-4	-5.003490E-3	6.730560E-5	2.426290E+2	2.499990E+2	3.368017E+3
2.426420E+2	4.995730E-3	1.553060E-4	-5.003380E-3	6.217960E-5	2.426520E+2	2.499990E+2	3.371065E+3
2.426650E+2	4.995770E-3	1.572850E-4	-5.003440E-3	6.392000E-5	2.426900E+2	2.499980E+2	3.375003E+3
2.426970E+2	4.995760E-3	1.523260E-4	-5.003430E-3	6.561280E-5	2.427020E+2	2.500020E+2	3.378064E+3
2.427240E+2	4.995730E-3	1.511810E-4	-5.003420E-3	6.277560E-5	2.427270E+2	2.500020E+2	3.381065E+3
2.427410E+2	4.995840E-3	1.506570E-4	-5.003430E-3	6.833080E-5	2.427560E+2	2.499970E+2	3.385004E+3
2.427780E+2	4.995740E-3	1.518490E-4	-5.003370E-3	6.070140E-5	2.427850E+2	2.499990E+2	3.388065E+3
2.427950E+2	4.995650E-3	1.540660E-4	-5.003590E-3	6.623270E-5	2.428010E+2	2.500000E+2	3.391079E+3
2.428180E+2	4.995690E-3	1.518730E-4	-5.003510E-3	6.632810E-5	2.428290E+2	2.500040E+2	3.394065E+3
2.428420E+2	4.995680E-3	1.523730E-4	-5.003440E-3	6.217960E-5	2.428500E+2	2.500030E+2	3.397065E+3
2.428600E+2	4.995760E-3	1.506810E-4	-5.003460E-3	6.871220E-5	2.428740E+2	2.500000E+2	3.401004E+3
2.428900E+2	4.995660E-3	1.513240E-4	-5.003460E-3	6.370540E-5	2.429030E+2	2.500050E+2	3.404066E+3
2.429090E+2	4.995740E-3	1.525160E-4	-5.003520E-3	6.630420E-5	2.429290E+2	2.500020E+2	3.408008E+3
2.429420E+2	4.995850E-3	1.542810E-4	-5.003340E-3	6.513600E-5	2.429420E+2	2.500060E+2	3.411065E+3
2.429600E+2	4.995790E-3	1.525880E-4	-5.003450E-3	6.680490E-5	2.429740E+2	2.500000E+2	3.414065E+3
2.429840E+2	4.995790E-3	1.517300E-4	-5.003370E-3	6.546970E-5	2.429980E+2	2.500060E+2	3.418002E+3
2.430080E+2	4.995740E-3	1.545910E-4	-5.003390E-3	6.539820E-5	2.430150E+2	2.499970E+2	3.421065E+3
2.430350E+2	4.995720E-3	1.533510E-4	-5.003340E-3	6.351470E-5	2.430380E+2	2.500040E+2	3.424066E+3
2.430550E+2	4.995740E-3	1.567130E-4	-5.003330E-3	6.279950E-5	2.430650E+2	2.500050E+2	3.427079E+3
2.430680E+2	4.995810E-3	1.534940E-4	-5.003460E-3	6.535050E-5	2.430820E+2	2.500000E+2	3.430065E+3
2.430910E+2	4.995810E-3	1.541850E-4	-5.003390E-3	6.852150E-5	2.431120E+2	2.500060E+2	3.434002E+3
2.431170E+2	4.995750E-3	1.530170E-4	-5.003460E-3	6.687640E-5	2.431330E+2	2.499980E+2	3.438004E+3
2.431450E+2	4.995700E-3	1.526830E-4	-5.003420E-3	6.265640E-5	2.431550E+2	2.500020E+2	3.441065E+3
2.431610E+2	4.995780E-3	1.484390E-4	-5.003400E-3	6.165500E-5	2.431720E+2	2.500030E+2	3.444066E+3
2.431860E+2	4.995600E-3	1.519680E-4	-5.003350E-3	6.351470E-5	2.431900E+2	2.499980E+2	3.447066E+3
2.432050E+2	4.995610E-3	1.523020E-4	-5.003380E-3	6.511210E-5	2.432150E+2	2.499980E+2	3.451003E+3
2.432310E+2	4.995570E-3	1.535420E-4	-5.003340E-3	6.353860E-5	2.432350E+2	2.500000E+2	3.454079E+3
2.432510E+2	4.995660E-3	1.511810E-4	-5.003300E-3	6.382470E-5	2.432540E+2	2.499930E+2	3.457065E+3
2.432740E+2	4.995800E-3	1.555200E-4	-5.003290E-3	6.542210E-5	2.432720E+2	2.499980E+2	3.460066E+3
2.432830E+2	4.995620E-3	1.538520E-4	-5.003390E-3	6.158350E-5	2.432930E+2	2.499950E+2	3.463079E+3
2.433030E+2	4.995620E-3	1.550440E-4	-5.003400E-3	6.625650E-5	2.433210E+2	2.500000E+2	3.467017E+3
2.433320E+2	4.995680E-3	1.535420E-4	-5.003450E-3	6.685260E-5	2.433420E+2	2.500040E+2	3.471010E+3
2.433550E+2	4.995730E-3	1.537560E-4	-5.003430E-3	6.577970E-5	2.433580E+2	2.500030E+2	3.474066E+3
2.433730E+2	4.995730E-3	1.550910E-4	-5.003400E-3	6.563660E-5	2.433780E+2	2.500030E+2	3.477066E+3
2.433920E+2	4.995730E-3	1.557590E-4	-5.003380E-3	6.248950E-5	2.434000E+2	2.500030E+2	3.480066E+3
2.434100E+2	4.995740E-3	1.520870E-4	-5.003460E-3	6.918910E-5	2.434180E+2	2.500060E+2	3.484004E+3
2.434350E+2	4.995720E-3	1.560210E-4	-5.003440E-3	6.878380E-5	2.434390E+2	2.500030E+2	3.487066E+3
2.434530E+2	4.995710E-3	1.552820E-4	-5.003530E-3	6.723400E-5	2.434580E+2	2.499990E+2	3.490080E+3
2.434690E+2	4.995670E-3	1.573800E-4	-5.003480E-3	6.811620E-5	2.434770E+2	2.500070E+2	3.493066E+3
2.434840E+2	4.995850E-3	1.513240E-4	-5.003400E-3	6.237030E-5	2.434910E+2	2.500000E+2	3.496065E+3
2.435020E+2	4.995770E-3	1.555440E-4	-5.003560E-3	6.923680E-5	2.435140E+2	2.500050E+2	3.500003E+3
2.435250E+2	4.995820E-3	1.559020E-4	-5.003460E-3	6.496910E-5	2.435330E+2	2.500050E+2	3.503066E+3
2.435440E+2	4.995800E-3	1.564030E-4	-5.003510E-3	6.690030E-5	2.435470E+2	2.499990E+2	3.506066E+3
2.435600E+2	4.995770E-3	1.516580E-4	-5.003420E-3	6.253720E-5	2.435670E+2	2.500020E+2	3.509067E+3
2.435750E+2	4.995810E-3	1.536370E-4	-5.003420E-3	6.690030E-5	2.435870E+2	2.500010E+2	3.513003E+3
2.435940E+2	4.995770E-3	1.547810E-4	-5.003500E-3	6.654260E-5	2.436120E+2	2.500020E+2	3.517005E+3
2.436190E+2	4.995750E-3	1.530170E-4	-5.003520E-3	6.194120E-5	2.436270E+2	2.500030E+2	3.520065E+3
2.436390E+2	4.995680E-3	1.528260E-4	-5.003510E-3	6.444450E-5	2.436470E+2	2.500050E+2	3.523068E+3
2.436550E+2	4.995810E-3	1.529460E-4	-5.003480E-3	6.291870E-5	2.436650E+2	2.499990E+2	3.526080E+3
2.436680E+2	4.995830E-3	1.528500E-4	-5.003410E-3	6.175040E-5	2.436770E+2	2.500030E+2	3.529067E+3
2.436880E+2	4.995800E-3	1.566170E-4	-5.003310E-3	6.618500E-5	2.437000E+2	2.500020E+2	3.533005E+3
2.437130E+2	4.995830E-3	1.551150E-4	-5.003310E-3	6.704330E-5	2.437130E+2	2.500020E+2	3.536066E+3
2.437230E+2	4.995860E-3	1.520160E-4	-5.003190E-3	6.349090E-5	2.437290E+2	2.500080E+2	3.539067E+3
2.437410E+2	4.995710E-3	1.528500E-4	-5.003350E-3	6.463530E-5	2.437490E+2	2.500040E+2	3.542067E+3
2.437580E+2	4.995870E-3	1.672510E-4	-5.003300E-3	6.828310E-5	2.437600E+2	2.500010E+2	3.545066E+3
2.437690E+2	4.995700E-3	1.553770E-4	-5.003420E-3	6.489750E-5	2.437840E+2	2.499980E+2	3.549004E+3
2.437930E+2	4.995580E-3	1.535650E-4	-5.003450E-3	6.368160E-5	2.438010E+2	2.500040E+2	3.552067E+3
2.438050E+2	4.995550E-3	1.533510E-4	-5.003450E-3	6.308560E-5	2.438150E+2	2.499990E+2	3.555066E+3
2.438220E+2	4.995640E-3	1.526360E-4	-5.003300E-3	6.349090E-5	2.438320E+2	2.500000E+2	3.558066E+3
2.438330E+2	4.995710E-3	1.539950E-4	-5.003370E-3	6.186960E-5	2.438450E+2	2.500070E+2	3.561067E+3
2.438540E+2	4.995760E-3	1.523970E-4	-5.003400E-3	6.592270E-5	2.438640E+2	2.500050E+2	3.565004E+3
2.438730E+2	4.995720E-3	1.538280E-4	-5.003410E-3	6.332400E-5	2.438820E+2	2.500050E+2	3.568066E+3
2.438840E+2	4.995770E-3	1.518960E-4	-5.003410E-3	6.363390E-5	2.438880E+2	2.500020E+2	3.571080E+3
2.439040E+2	4.995720E-3	1.549720E-4	-5.003400E-3	6.449220E-5	2.439110E+2	2.500020E+2	3.574067E+3
2.439150E+2	4.995690E-3	1.500840E-4	-5.003400E-3	6.356240E-5	2.439220E+2	2.500070E+2	3.577068E+3
2.439320E+2	4.995760E-3	1.535420E-4	-5.003370E-3	6.563660E-5	2.439440E+2	2.499950E+2	3.581005E+3
2.439500E+2	4.995730E-3	1.510860E-4	-5.003350E-3	6.244180E-5	2.439580E+2	2.500030E+2	3.584068E+3
2.439630E+2	4.995670E-3	1.533510E-4	-5.003410E-3	6.456380E-5	2.439750E+2	2.499970E+2	3.587067E+3
2.439780E+2	4.995720E-3	1.548050E-4	-5.003510E-3	6.263260E-5	2.439860E+2	2.499950E+2	3.590066E+3
2.439950E+2	4.995740E-3	1.525880E-4	-5.003390E-3	6.384850E-5	2.439990E+2	2.500030E+2	3.593067E+3
2.440110E+2	4.995770E-3	1.539230E-4	-5.003300E-3	6.282330E-5	2.440170E+2	2.499980E+2	3.597011E+3
2.440270E+2	4.995710E-3	1.545430E-4	-5.003410E-3	6.418230E-5	2.440370E+2	2.500100E+2	3.600066E+3
2.440380E+2	4.995640E-3	1.530650E-4	-5.003420E-3	6.639960E-5	2.440440E+2	2.500010E+2	3.603068E+3
2.440530E+2	4.995690E-3	1.513000E-4	-5.003420E-3	6.322860E-5	2.440600E+2	2.499950E+2	3.606066E+3
2.440720E+2	4.995660E-3	1.531600E-4	-5.003470E-3	6.191730E-5	2.440740E+2	2.500010E+2	3.609067E+3
2.440850E+2	4.995640E-3	1.527550E-4	-5.003460E-3	6.678100E-5	2.440900E+2	2.500020E+2	3.613005E+3
2.441030E+2	4.995640E-3	1.527070E-4	-5.003480E-3	6.320480E-5	2.441040E+2	2.500020E+2	3.616080E+3
2.441120E+2	4.995800E-3	1.520160E-4	-5.003330E-3	6.616120E-5	2.441230E+2	2.500040E+2	3.619067E+3
2.441270E+2	4.995790E-3	1.525160E-4	-5.003430E-3	6.263260E-5	2.441340E+2	2.499990E+2	3.622066E+3
2.441460E+2	4.995870E-3	1.530410E-4	-5.003430E-3	6.384850E-5	2.441450E+2	2.500050E+2	3.625079E+3
2.441540E+2	4.995750E-3	1.543520E-4	-5.003410E-3	6.315710E-5	2.441620E+2	2.499980E+2	3.629019E+3
2.441760E+2	4.995710E-3	1.542810E-4	-5.003510E-3	6.465910E-5	2.441720E+2	2.500040E+2	3.632066E+3
2.441880E+2	4.995710E-3	1.587390E-4	-5.003440E-3	6.682870E-5	2.441840E+2	2.500040E+2	3.635068E+3
2.441960E+2	4.995630E-3	1.537560E-4	-5.003470E-3	6.556510E-5	2.442040E+2	2.500000E+2	3.638066E+3
2.442100E+2	4.995690E-3	1.540180E-4	-5.003530E-3	6.465910E-5	2.442150E+2	2.500000E+2	3.641067E+3
2.442220E+2	4.995740E-3	1.508470E-4	-5.003440E-3	6.587510E-5	2.442300E+2	2.500020E+2	3.645005E+3
2.442360E+2	4.995740E-3	1.532080E-4	-5.003410E-3	6.461140E-5	2.442430E+2	2.500000E+2	3.648068E+3
2.442510E+2	4.995650E-3	1.535890E-4	-5.003390E-3	6.332400E-5	2.442560E+2	2.500010E+2	3.651068E+3
2.442620E+2	4.995750E-3	1.514910E-4	-5.003350E-3	6.575580E-5	2.442700E+2	2.500010E+2	3.654067E+3
2.442800E+2	4.995670E-3	1.542090E-4	-5.003330E-3	6.451610E-5	2.442810E+2	2.500000E+2	3.657067E+3
2.442890E+2	4.995770E-3	1.660820E-4	-5.003410E-3	6.654260E-5	2.443010E+2	2.500030E+2	3.661004E+3
2.443070E+2	4.995750E-3	1.552340E-4	-5.003290E-3	6.322860E-5	2.443120E+2	2.500010E+2	3.664067E+3
2.443200E+2	4.995800E-3	1.532320E-4	-5.003290E-3	6.196500E-5	2.443240E+2	2.499980E+2	3.667067E+3
2.443280E+2	4.995780E-3	1.523020E-4	-5.003350E-3	6.437300E-5	2.443330E+2	2.500020E+2	3.670081E+3
2.443360E+2	4.995760E-3	1.523260E-4	-5.003350E-3	6.191730E-5	2.443470E+2	2.500030E+2	3.673066E+3
2.443510E+2	4.995820E-3	1.526120E-4	-5.003370E-3	6.783010E-5	2.443600E+2	2.500010E+2	3.677006E+3
2.443700E+2	4.995760E-3	1.533990E-4	-5.003500E-3	6.406310E-5	2.443750E+2	2.499940E+2	3.680068E+3
2.443770E+2	4.995730E-3	1.522300E-4	-5.003480E-3	6.461140E-5	2.443900E+2	2.499970E+2	3.683069E+3
2.443980E+2	4.995670E-3	1.523730E-4	-5.003420E-3	6.463530E-5	2.443980E+2	2.500020E+2	3.686068E+3
2.444080E+2	4.995700E-3	1.540660E-4	-5.003430E-3	6.303790E-5	2.444130E+2	2.499990E+2	3.689067E+3
2.444150E+2	4.995700E-3	1.535420E-4	-5.003450E-3	6.773470E-5	2.444250E+2	2.499990E+2	3.693005E+3
2.444310E+2	4.995660E-3	1.538280E-4	-5.003500E-3	6.182190E-5	2.444390E+2	2.499970E+2	3.696068E+3
2.444450E+2	4.995600E-3	1.548770E-4	-5.003540E-3	6.670950E-5	2.444500E+2	2.499940E+2	3.699068E+3
2.444560E+2	4.995630E-3	1.552340E-4	-5.003520E-3	6.308560E-5	2.444590E+2	2.500010E+2	3.702067E+3
2.444640E+2	4.995610E-3	1.530650E-4	-5.003490E-3	6.194120E-5	2.444740E+2	2.500020E+2	3.705067E+3
2.444790E+2	4.995660E-3	1.559500E-4	-5.003590E-3	6.864070E-5	2.444840E+2	2.500010E+2	3.709006E+3
2.444930E+2	4.995720E-3	1.557830E-4	-5.003550E-3	6.713870E-5	2.444970E+2	2.499950E+2	3.713006E+3
2.445070E+2	4.995710E-3	1.557830E-4	-5.003500E-3	6.599430E-5	2.445080E+2	2.500080E+2	3.716067E+3
2.445220E+2	4.995720E-3	1.541850E-4	-5.003510E-3	6.501670E-5	2.445230E+2	2.500010E+2	3.719067E+3
2.445310E+2	4.995730E-3	1.564260E-4	-5.003540E-3	6.730560E-5	2.445330E+2	2.500000E+2	3.722069E+3
2.445360E+2	4.995700E-3	1.535180E-4	-5.003380E-3	6.804470E-5	2.445450E+2	2.500040E+2	3.726006E+3
2.445560E+2	4.995770E-3	1.534940E-4	-5.003510E-3	6.182190E-5	2.445600E+2	2.500030E+2	3.729068E+3
2.445670E+2	4.995750E-3	1.498700E-4	-5.003530E-3	6.313320E-5	2.445690E+2	2.500000E+2	3.732068E+3
2.445750E+2	4.995720E-3	1.524930E-4	-5.003400E-3	6.272790E-5	2.445750E+2	2.500000E+2	3.735069E+3
2.445890E+2	4.995730E-3	1.544480E-4	-5.003380E-3	6.256100E-5	2.445910E+2	2.500050E+2	3.738068E+3
2.445960E+2	4.995650E-3	1.513960E-4	-5.003530E-3	6.670950E-5	2.446020E+2	2.499990E+2	3.742005E+3
2.446090E+2	4.995690E-3	1.534220E-4	-5.003470E-3	6.306170E-5	2.446150E+2	2.500040E+2	3.745068E+3
2.446180E+2	4.995690E-3	1.550440E-4	-5.003360E-3	6.895070E-5	2.446300E+2	2.500030E+2	3.748067E+3
2.446360E+2	4.995750E-3	1.595970E-4	-5.003370E-3	6.866460E-5	2.446330E+2	2.500080E+2	3.751081E+3
2.446360E+2	4.995690E-3	1.547580E-4	-5.003380E-3	6.420610E-5	2.446490E+2	2.499990E+2	3.755020E+3
2.446540E+2	4.995790E-3	1.571420E-4	-5.003330E-3	6.542210E-5	2.446590E+2	2.500030E+2	3.759010E+3
2.446680E+2	4.995740E-3	1.551870E-4	-5.003390E-3	6.725790E-5	2.446720E+2	2.500000E+2	3.762068E+3
2.446770E+2	4.995670E-3	1.515390E-4	-5.003450E-3	6.606580E-5	2.446800E+2	2.500030E+2	3.765067E+3
2.446850E+2	4.995630E-3	1.517530E-4	-5.003480E-3	6.070140E-5	2.446910E+2	2.499980E+2	3.768068E+3
2.446990E+2	4.995800E-3	1.510620E-4	-5.003490E-3	6.630420E-5	2.447020E+2	2.500030E+2	3.772007E+3
2.447150E+2	4.995690E-3	1.569990E-4	-5.003480E-3	6.480220E-5	2.447180E+2	2.500030E+2	3.776005E+3
2.447230E+2	4.995770E-3	1.551150E-4	-5.003490E-3	6.439690E-5	2.447300E+2	2.500040E+2	3.779067E+3
2.447330E+2	4.995700E-3	1.544000E-4	-5.003480E-3	6.186960E-5	2.447380E+2	2.500030E+2	3.782067E+3
2.447470E+2	4.995750E-3	1.529460E-4	-5.003380E-3	5.943780E-5	2.447480E+2	2.499990E+2	3.785069E+3
2.447520E+2	4.995780E-3	1.494650E-4	-5.003460E-3	6.279950E-5	2.447560E+2	2.500040E+2	3.788058E+3
2.447670E+2	4.995750E-3	1.561160E-4	-5.003470E-3	6.856920E-5	2.447710E+2	2.500030E+2	3.792007E+3
2.447740E+2	4.995760E-3	1.538040E-4	-5.003350E-3	6.465910E-5	2.447780E+2	2.500070E+2	3.795067E+3
2.447900E+2	4.995880E-3	1.530170E-4	-5.003270E-3	6.327630E-5	2.447910E+2	2.500050E+2	3.798069E+3
2.447960E+2	4.995850E-3	1.532320E-4	-5.003310E-3	6.580350E-5	2.447960E+2	2.500030E+2	3.801068E+3
2.448080E+2	4.996000E-3	1.661780E-4	-5.003340E-3	6.749630E-5	2.448120E+2	2.500020E+2	3.805006E+3
2.448190E+2	4.995830E-3	1.543520E-4	-5.003370E-3	6.647110E-5	2.448200E+2	2.499990E+2	3.809019E+3
2.448340E+2	4.995770E-3	1.536850E-4	-5.003400E-3	6.690030E-5	2.448280E+2	2.500000E+2	3.812069E+3
