The operator was: Kevin
The sample measure was: YBCO
The sample was biased using: 30E-3 Amps
Comments:
w'th magneic field

Tbefore	        I+	        V+	        I-	        V-	        Tafter	        Tbase	        Time
1.000640E+2	2.999000E-2	2.144100E-4	-3.000990E-2	-5.714890E-5	1.000750E+2	1.041300E+2	7.001400E+1
1.000920E+2	2.998960E-2	2.153160E-4	-3.001020E-2	-5.705360E-5	1.000960E+2	1.041560E+2	7.206400E+1
1.001090E+2	2.999000E-2	2.126460E-4	-3.001020E-2	-6.251340E-5	1.001100E+2	1.041760E+2	7.406500E+1
1.001220E+2	2.998980E-2	2.178430E-4	-3.001000E-2	-5.974770E-5	1.001290E+2	1.042020E+2	7.606500E+1
1.001430E+2	2.998970E-2	2.148870E-4	-3.000990E-2	-6.115440E-5	1.001470E+2	1.042230E+2	7.806500E+1
1.001590E+2	2.999000E-2	2.133610E-4	-3.001000E-2	-6.167890E-5	1.001650E+2	1.042420E+2	8.006400E+1
1.001770E+2	2.998990E-2	2.147670E-4	-3.000980E-2	-5.888940E-5	1.001840E+2	1.042660E+2	8.206500E+1
1.001960E+2	2.999000E-2	2.160070E-4	-3.000960E-2	-6.153580E-5	1.002010E+2	1.042870E+2	8.410200E+1
1.002150E+2	2.998980E-2	2.179620E-4	-3.000990E-2	-6.082060E-5	1.002190E+2	1.043120E+2	8.606400E+1
1.002310E+2	2.999020E-2	2.181770E-4	-3.001010E-2	-6.046300E-5	1.002370E+2	1.043300E+2	8.806300E+1
1.002500E+2	2.998990E-2	2.148870E-4	-3.001000E-2	-6.196500E-5	1.002610E+2	1.043570E+2	9.014000E+1
1.002680E+2	2.998970E-2	2.151730E-4	-3.001000E-2	-5.850790E-5	1.002850E+2	1.043910E+2	9.300200E+1
1.002970E+2	2.998980E-2	2.160310E-4	-3.001000E-2	-6.010530E-5	1.003120E+2	1.044250E+2	9.600200E+1
1.003240E+2	2.998980E-2	2.164600E-4	-3.000980E-2	-6.222720E-5	1.003390E+2	1.044600E+2	9.900200E+1
1.003510E+2	2.998940E-2	2.190830E-4	-3.001000E-2	-5.965230E-5	1.003670E+2	1.044930E+2	1.020020E+2
1.003830E+2	2.998990E-2	2.162930E-4	-3.001000E-2	-6.008150E-5	1.003980E+2	1.045250E+2	1.050020E+2
1.004140E+2	2.998950E-2	2.144340E-4	-3.001020E-2	-5.981920E-5	1.004270E+2	1.045600E+2	1.080030E+2
1.004380E+2	2.998970E-2	2.126690E-4	-3.001050E-2	-5.841260E-5	1.004530E+2	1.045930E+2	1.110020E+2
1.004670E+2	2.998980E-2	2.112150E-4	-3.001010E-2	-6.091590E-5	1.004810E+2	1.046280E+2	1.140010E+2
1.004970E+2	2.998960E-2	2.108340E-4	-3.000990E-2	-6.320480E-5	1.005110E+2	1.046670E+2	1.170420E+2
1.005240E+2	2.998970E-2	2.148870E-4	-3.000990E-2	-6.299020E-5	1.005400E+2	1.047000E+2	1.200010E+2
1.005510E+2	2.998980E-2	2.163170E-4	-3.000980E-2	-6.718640E-5	1.005690E+2	1.047370E+2	1.230010E+2
1.005830E+2	2.998970E-2	2.145770E-4	-3.001010E-2	-6.005760E-5	1.005980E+2	1.047760E+2	1.260020E+2
1.006140E+2	2.998940E-2	2.164840E-4	-3.001000E-2	-6.306170E-5	1.006290E+2	1.048110E+2	1.290020E+2
1.006420E+2	2.998960E-2	2.132890E-4	-3.000990E-2	-6.141660E-5	1.006590E+2	1.048450E+2	1.320030E+2
1.006720E+2	2.998980E-2	2.142190E-4	-3.001030E-2	-6.175040E-5	1.006890E+2	1.048800E+2	1.350030E+2
1.007040E+2	2.999000E-2	2.133850E-4	-3.000990E-2	-6.322860E-5	1.007160E+2	1.049160E+2	1.380010E+2
1.007300E+2	2.998990E-2	2.125740E-4	-3.001010E-2	-6.120210E-5	1.007460E+2	1.049470E+2	1.410010E+2
1.007610E+2	2.998960E-2	2.160070E-4	-3.000990E-2	-6.139280E-5	1.007760E+2	1.049850E+2	1.440030E+2
1.007900E+2	2.998970E-2	2.113580E-4	-3.001010E-2	-6.039140E-5	1.008090E+2	1.050130E+2	1.470030E+2
1.008220E+2	2.998980E-2	2.171280E-4	-3.000930E-2	-6.127360E-5	1.008360E+2	1.050420E+2	1.500410E+2
1.008530E+2	2.998950E-2	2.169130E-4	-3.000970E-2	-6.325250E-5	1.008680E+2	1.050660E+2	1.530020E+2
1.008800E+2	2.998960E-2	2.156730E-4	-3.000970E-2	-6.282330E-5	1.008990E+2	1.050930E+2	1.560010E+2
1.009110E+2	2.998960E-2	2.153870E-4	-3.001000E-2	-6.322860E-5	1.009270E+2	1.051120E+2	1.590020E+2
1.009400E+2	2.998990E-2	2.146480E-4	-3.000980E-2	-6.170270E-5	1.009580E+2	1.051290E+2	1.620030E+2
1.009740E+2	2.998970E-2	2.177480E-4	-3.001000E-2	-6.289480E-5	1.009860E+2	1.051410E+2	1.650030E+2
1.010010E+2	2.998960E-2	2.162700E-4	-3.001020E-2	-6.129740E-5	1.010190E+2	1.051490E+2	1.680010E+2
1.010300E+2	2.998960E-2	2.154590E-4	-3.001020E-2	-6.248950E-5	1.010480E+2	1.051480E+2	1.710010E+2
1.010620E+2	2.998950E-2	2.154350E-4	-3.001020E-2	-5.943780E-5	1.010760E+2	1.051390E+2	1.740010E+2
1.010900E+2	2.999000E-2	2.149820E-4	-3.001020E-2	-5.881790E-5	1.011040E+2	1.051270E+2	1.770020E+2
1.011180E+2	2.998980E-2	2.194880E-4	-3.001020E-2	-6.105900E-5	1.011380E+2	1.051100E+2	1.800030E+2
1.011480E+2	2.998980E-2	2.180580E-4	-3.001010E-2	-6.136890E-5	1.011600E+2	1.050790E+2	1.830410E+2
1.011720E+2	2.998990E-2	2.181290E-4	-3.001040E-2	-6.122590E-5	1.011860E+2	1.050460E+2	1.860030E+2
1.011990E+2	2.998960E-2	2.155070E-4	-3.001050E-2	-6.310940E-5	1.012120E+2	1.050020E+2	1.890020E+2
1.012260E+2	2.998960E-2	2.183200E-4	-3.001020E-2	-6.237030E-5	1.012400E+2	1.049530E+2	1.920020E+2
1.012500E+2	2.998970E-2	2.186780E-4	-3.001030E-2	-6.005760E-5	1.012620E+2	1.049000E+2	1.950010E+2
1.012730E+2	2.998950E-2	2.158170E-4	-3.001030E-2	-5.831720E-5	1.012790E+2	1.048410E+2	1.980020E+2
1.012950E+2	2.998960E-2	2.157930E-4	-3.001060E-2	-6.136890E-5	1.013070E+2	1.047740E+2	2.010020E+2
1.013150E+2	2.998940E-2	2.196310E-4	-3.001050E-2	-6.291870E-5	1.013230E+2	1.047010E+2	2.040020E+2
1.013330E+2	2.998930E-2	2.175330E-4	-3.001040E-2	-6.165500E-5	1.013430E+2	1.046340E+2	2.070020E+2
1.013490E+2	2.998920E-2	2.206800E-4	-3.001060E-2	-6.306170E-5	1.013580E+2	1.045520E+2	2.100020E+2
1.013670E+2	2.998910E-2	2.181530E-4	-3.001050E-2	-5.877020E-5	1.013750E+2	1.044710E+2	2.130040E+2
1.013800E+2	2.998920E-2	2.177240E-4	-3.000990E-2	-6.194120E-5	1.013840E+2	1.043940E+2	2.160400E+2
1.013890E+2	2.999000E-2	2.174380E-4	-3.001010E-2	-6.301400E-5	1.013920E+2	1.043080E+2	2.190010E+2
1.014010E+2	2.998990E-2	2.174140E-4	-3.001000E-2	-6.470680E-5	1.014050E+2	1.042240E+2	2.220020E+2
1.014090E+2	2.998980E-2	2.160550E-4	-3.001000E-2	-6.041530E-5	1.014150E+2	1.041390E+2	2.250020E+2
1.014170E+2	2.998970E-2	2.187970E-4	-3.000970E-2	-6.318090E-5	1.014230E+2	1.040510E+2	2.280020E+2
1.014240E+2	2.998960E-2	2.169370E-4	-3.001000E-2	-6.468300E-5	1.014260E+2	1.039600E+2	2.310030E+2
1.014290E+2	2.998960E-2	2.170320E-4	-3.001020E-2	-6.773470E-5	1.014310E+2	1.038740E+2	2.340030E+2
1.014330E+2	2.998990E-2	2.190830E-4	-3.001000E-2	-6.544590E-5	1.014300E+2	1.037860E+2	2.370030E+2
1.014290E+2	2.998940E-2	2.187250E-4	-3.001000E-2	-6.513600E-5	1.014300E+2	1.037000E+2	2.400010E+2
1.014340E+2	2.998940E-2	2.164840E-4	-3.001000E-2	-6.439690E-5	1.014300E+2	1.036120E+2	2.430020E+2
1.014330E+2	2.998930E-2	2.166750E-4	-3.001020E-2	-6.206040E-5	1.014280E+2	1.035260E+2	2.460020E+2
1.014250E+2	2.998960E-2	2.184150E-4	-3.001020E-2	-6.420610E-5	1.014260E+2	1.034430E+2	2.490400E+2
1.014200E+2	2.998950E-2	2.154110E-4	-3.001010E-2	-6.790160E-5	1.014180E+2	1.033590E+2	2.520030E+2
1.014190E+2	2.998980E-2	2.126930E-4	-3.001010E-2	-6.678100E-5	1.014160E+2	1.032750E+2	2.550030E+2
1.014080E+2	2.998960E-2	2.144580E-4	-3.001000E-2	-6.396770E-5	1.014060E+2	1.031970E+2	2.580020E+2
1.014000E+2	2.998980E-2	2.167700E-4	-3.001000E-2	-6.589890E-5	1.013940E+2	1.031080E+2	2.610010E+2
1.013910E+2	2.998970E-2	2.161030E-4	-3.001000E-2	-6.554130E-5	1.013870E+2	1.030350E+2	2.640010E+2
1.013800E+2	2.998940E-2	2.146720E-4	-3.001030E-2	-6.535050E-5	1.013770E+2	1.029560E+2	2.670030E+2
1.013690E+2	2.998970E-2	2.141240E-4	-3.001040E-2	-6.427770E-5	1.013590E+2	1.028780E+2	2.700020E+2
1.013540E+2	2.998950E-2	2.173420E-4	-3.001050E-2	-6.408690E-5	1.013470E+2	1.028040E+2	2.730020E+2
1.013400E+2	2.998920E-2	2.160310E-4	-3.001080E-2	-6.449220E-5	1.013310E+2	1.027300E+2	2.760020E+2
1.013250E+2	2.998910E-2	2.152920E-4	-3.001080E-2	-6.568430E-5	1.013180E+2	1.026580E+2	2.790020E+2
1.013050E+2	2.998930E-2	2.128840E-4	-3.001040E-2	-6.690030E-5	1.013010E+2	1.025800E+2	2.820400E+2
1.012930E+2	2.998960E-2	2.147670E-4	-3.001020E-2	-6.546970E-5	1.012830E+2	1.025120E+2	2.850030E+2
1.012740E+2	2.998960E-2	2.143140E-4	-3.001030E-2	-6.592270E-5	1.012630E+2	1.024440E+2	2.880030E+2
1.012550E+2	2.998990E-2	2.181050E-4	-3.001010E-2	-6.594660E-5	1.012480E+2	1.023710E+2	2.910020E+2
1.012360E+2	2.999000E-2	2.162460E-4	-3.000980E-2	-6.544590E-5	1.012260E+2	1.023040E+2	2.940030E+2
1.012160E+2	2.998960E-2	2.149580E-4	-3.001000E-2	-6.606580E-5	1.012020E+2	1.022370E+2	2.970030E+2
1.011940E+2	2.998960E-2	2.160070E-4	-3.000990E-2	-6.685260E-5	1.011850E+2	1.021710E+2	3.000030E+2
1.011730E+2	2.998960E-2	2.151730E-4	-3.000990E-2	-6.446840E-5	1.011610E+2	1.021020E+2	3.030020E+2
1.011500E+2	2.998940E-2	2.179380E-4	-3.001000E-2	-6.251340E-5	1.011410E+2	1.020430E+2	3.060020E+2
1.011270E+2	2.998970E-2	2.128360E-4	-3.000980E-2	-6.134510E-5	1.011120E+2	1.019750E+2	3.090020E+2
1.011040E+2	2.998990E-2	2.148870E-4	-3.000990E-2	-6.284710E-5	1.010890E+2	1.019150E+2	3.120030E+2
1.010770E+2	2.998970E-2	2.147670E-4	-3.001000E-2	-6.413460E-5	1.010670E+2	1.018500E+2	3.150420E+2
1.010520E+2	2.998990E-2	2.121690E-4	-3.000990E-2	-6.396770E-5	1.010370E+2	1.017900E+2	3.180030E+2
1.010270E+2	2.998970E-2	2.161740E-4	-3.001000E-2	-6.306170E-5	1.010130E+2	1.017230E+2	3.210040E+2
1.010010E+2	2.998940E-2	2.146960E-4	-3.000980E-2	-6.270410E-5	1.009830E+2	1.016670E+2	3.240040E+2
1.009780E+2	2.998970E-2	2.155070E-4	-3.000950E-2	-6.272790E-5	1.009600E+2	1.016030E+2	3.270030E+2
1.009480E+2	2.998970E-2	2.144580E-4	-3.000970E-2	-6.685260E-5	1.009320E+2	1.015430E+2	3.300040E+2
1.009180E+2	2.999000E-2	2.127170E-4	-3.000990E-2	-6.568430E-5	1.009050E+2	1.014780E+2	3.330030E+2
1.008900E+2	2.999010E-2	2.141950E-4	-3.001010E-2	-6.411080E-5	1.008780E+2	1.014240E+2	3.360040E+2
1.008590E+2	2.998980E-2	2.161260E-4	-3.001020E-2	-6.322860E-5	1.008440E+2	1.013600E+2	3.390030E+2
1.008330E+2	2.998960E-2	2.131460E-4	-3.000990E-2	-6.091590E-5	1.008160E+2	1.012980E+2	3.420040E+2
1.007990E+2	2.998980E-2	2.141710E-4	-3.001010E-2	-6.546970E-5	1.007830E+2	1.012400E+2	3.450040E+2
1.007710E+2	2.998980E-2	2.126220E-4	-3.000990E-2	-6.377700E-5	1.007550E+2	1.011760E+2	3.480410E+2
1.007400E+2	2.998970E-2	2.126220E-4	-3.000990E-2	-6.203650E-5	1.007250E+2	1.011190E+2	3.510040E+2
1.007090E+2	2.998990E-2	2.151250E-4	-3.000970E-2	-6.163120E-5	1.006930E+2	1.010560E+2	3.540040E+2
1.006780E+2	2.998980E-2	2.120260E-4	-3.001000E-2	-6.527900E-5	1.006610E+2	1.009920E+2	3.570020E+2
1.006440E+2	2.998990E-2	2.114300E-4	-3.001010E-2	-6.372930E-5	1.006280E+2	1.009380E+2	3.600040E+2
1.006130E+2	2.998970E-2	2.176280E-4	-3.001050E-2	-6.561280E-5	1.005920E+2	1.008790E+2	3.630030E+2
1.005780E+2	2.999000E-2	2.169130E-4	-3.001040E-2	-6.277560E-5	1.005620E+2	1.008160E+2	3.660040E+2
1.005450E+2	2.998990E-2	2.158170E-4	-3.001040E-2	-6.556510E-5	1.005260E+2	1.007560E+2	3.690030E+2
1.005090E+2	2.998980E-2	2.115490E-4	-3.001050E-2	-6.365780E-5	1.004950E+2	1.007010E+2	3.720040E+2
1.004750E+2	2.998990E-2	2.129790E-4	-3.001020E-2	-6.306170E-5	1.004560E+2	1.006370E+2	3.750040E+2
1.004370E+2	2.998990E-2	2.151250E-4	-3.001050E-2	-6.091590E-5	1.004240E+2	1.005830E+2	3.780040E+2
1.004040E+2	2.998980E-2	2.161500E-4	-3.001000E-2	-6.320480E-5	1.003850E+2	1.005160E+2	3.810420E+2
1.003680E+2	2.998990E-2	2.122640E-4	-3.001000E-2	-6.015300E-5	1.003510E+2	1.004640E+2	3.840040E+2
1.003340E+2	2.999000E-2	2.149110E-4	-3.001030E-2	-6.146430E-5	1.003120E+2	1.004020E+2	3.870030E+2
1.002960E+2	2.998990E-2	2.138140E-4	-3.001010E-2	-6.563660E-5	1.002790E+2	1.003450E+2	3.900040E+2
1.002600E+2	2.999010E-2	2.135750E-4	-3.001000E-2	-6.237030E-5	1.002420E+2	1.002860E+2	3.930040E+2
1.002220E+2	2.998990E-2	2.127410E-4	-3.001000E-2	-6.227490E-5	1.002040E+2	1.002290E+2	3.960030E+2
1.001800E+2	2.999010E-2	2.140050E-4	-3.000950E-2	-6.270410E-5	1.001670E+2	1.001670E+2	3.990030E+2
1.001470E+2	2.998970E-2	2.120260E-4	-3.001000E-2	-6.103520E-5	1.001280E+2	1.001160E+2	4.020030E+2
1.001070E+2	2.998990E-2	2.144810E-4	-3.000990E-2	-6.277560E-5	1.000880E+2	1.000560E+2	4.050030E+2
1.000700E+2	2.998990E-2	2.110000E-4	-3.001010E-2	-6.005760E-5	1.000510E+2	1.000010E+2	4.080030E+2
1.000290E+2	2.998950E-2	2.115250E-4	-3.001010E-2	-5.867480E-5	1.000120E+2	9.994200E+1	4.110030E+2
9.999400E+1	2.998940E-2	2.124790E-4	-3.001010E-2	-6.177430E-5	9.997200E+1	9.988700E+1	4.140420E+2
9.995600E+1	2.998990E-2	2.113340E-4	-3.000990E-2	-6.241800E-5	9.993300E+1	9.983200E+1	4.170040E+2
9.991400E+1	2.998970E-2	2.144580E-4	-3.001010E-2	-6.175040E-5	9.989200E+1	9.977900E+1	4.200020E+2
9.987400E+1	2.998990E-2	2.098320E-4	-3.000990E-2	-6.034370E-5	9.985100E+1	9.972000E+1	4.230050E+2
9.983400E+1	2.998980E-2	2.144810E-4	-3.001000E-2	-6.041530E-5	9.981400E+1	9.966500E+1	4.260040E+2
9.979500E+1	2.998950E-2	2.113340E-4	-3.001020E-2	-6.048680E-5	9.977100E+1	9.961000E+1	4.290050E+2
9.975300E+1	2.998970E-2	2.114770E-4	-3.001040E-2	-6.060600E-5	9.973100E+1	9.955800E+1	4.320040E+2
9.971400E+1	2.998990E-2	2.116680E-4	-3.001010E-2	-6.098750E-5	9.968900E+1	9.950300E+1	4.350030E+2
9.967000E+1	2.998980E-2	2.116200E-4	-3.001000E-2	-6.175040E-5	9.965100E+1	9.944800E+1	4.380040E+2
9.963100E+1	2.998930E-2	2.115730E-4	-3.001030E-2	-6.308560E-5	9.961100E+1	9.939900E+1	4.410040E+2
9.959000E+1	2.998950E-2	2.123120E-4	-3.001030E-2	-6.153580E-5	9.957000E+1	9.934300E+1	4.440030E+2
9.954800E+1	2.998930E-2	2.100470E-4	-3.001010E-2	-6.029610E-5	9.952500E+1	9.928800E+1	4.470400E+2
9.950600E+1	2.998950E-2	2.105000E-4	-3.001080E-2	-5.991460E-5	9.948800E+1	9.923600E+1	4.500030E+2
9.946500E+1	2.998930E-2	2.118110E-4	-3.001050E-2	-6.103520E-5	9.944100E+1	9.918500E+1	4.530040E+2
9.942200E+1	2.998930E-2	2.136230E-4	-3.001020E-2	-6.227490E-5	9.939700E+1	9.912900E+1	4.560020E+2
9.937800E+1	2.998940E-2	2.111440E-4	-3.001020E-2	-5.979540E-5	9.935500E+1	9.907700E+1	4.590050E+2
9.933700E+1	2.998930E-2	2.080200E-4	-3.001020E-2	-6.070140E-5	9.931600E+1	9.902400E+1	4.620040E+2
9.929400E+1	2.998950E-2	2.112390E-4	-3.001020E-2	-5.924700E-5	9.927200E+1	9.897400E+1	4.650040E+2
9.925400E+1	2.998980E-2	2.099750E-4	-3.000970E-2	-5.896090E-5	9.923000E+1	9.892100E+1	4.680040E+2
9.920800E+1	2.998990E-2	2.088550E-4	-3.000970E-2	-6.136890E-5	9.918400E+1	9.887400E+1	4.710030E+2
9.916600E+1	2.999000E-2	2.148150E-4	-3.000970E-2	-6.091590E-5	9.914400E+1	9.882500E+1	4.740030E+2
9.912700E+1	2.998980E-2	2.076630E-4	-3.000980E-2	-5.891320E-5	9.909900E+1	9.877600E+1	4.770040E+2
9.907900E+1	2.998990E-2	2.111440E-4	-3.000980E-2	-5.705360E-5	9.905700E+1	9.872400E+1	4.800420E+2
9.903800E+1	2.999010E-2	2.078290E-4	-3.001010E-2	-5.917550E-5	9.901400E+1	9.868100E+1	4.830030E+2
9.899300E+1	2.999010E-2	2.082350E-4	-3.000990E-2	-5.953310E-5	9.897100E+1	9.863300E+1	4.860050E+2
9.895000E+1	2.999010E-2	2.088550E-4	-3.001000E-2	-5.834100E-5	9.892600E+1	9.858500E+1	4.890040E+2
9.890400E+1	2.999010E-2	2.081870E-4	-3.000990E-2	-6.046300E-5	9.888800E+1	9.854300E+1	4.920040E+2
9.886300E+1	2.999010E-2	2.077820E-4	-3.000980E-2	-5.953310E-5	9.883900E+1	9.849200E+1	4.950040E+2
9.882000E+1	2.998990E-2	2.123120E-4	-3.000970E-2	-5.679130E-5	9.880000E+1	9.844900E+1	4.980040E+2
9.877700E+1	2.998990E-2	2.073530E-4	-3.000970E-2	-5.888940E-5	9.875600E+1	9.840000E+1	5.010040E+2
9.872900E+1	2.998980E-2	2.080440E-4	-3.001000E-2	-5.581380E-5	9.871000E+1	9.835600E+1	5.040030E+2
9.868800E+1	2.998980E-2	2.100470E-4	-3.001000E-2	-6.067750E-5	9.866600E+1	9.831400E+1	5.070040E+2
9.864400E+1	2.998950E-2	2.107860E-4	-3.000990E-2	-5.798340E-5	9.861800E+1	9.827100E+1	5.100040E+2
9.860000E+1	2.998960E-2	2.111910E-4	-3.000970E-2	-5.662440E-5	9.857600E+1	9.822300E+1	5.130420E+2
9.855500E+1	2.999000E-2	2.102850E-4	-3.000970E-2	-6.225110E-5	9.853300E+1	9.817900E+1	5.160040E+2
9.851200E+1	2.998960E-2	2.074240E-4	-3.000970E-2	-5.981920E-5	9.849100E+1	9.813500E+1	5.190040E+2
9.846700E+1	2.998960E-2	2.075670E-4	-3.000950E-2	-5.946160E-5	9.844400E+1	9.809100E+1	5.220030E+2
9.842600E+1	2.998960E-2	2.081630E-4	-3.000970E-2	-6.084440E-5	9.840300E+1	9.804500E+1	5.250050E+2
9.838600E+1	2.998980E-2	2.058270E-4	-3.001000E-2	-5.877020E-5	9.835600E+1	9.800300E+1	5.280060E+2
9.833700E+1	2.998950E-2	2.091880E-4	-3.001040E-2	-5.939010E-5	9.831300E+1	9.796400E+1	5.310050E+2
9.829100E+1	2.998950E-2	2.099040E-4	-3.001020E-2	-5.559920E-5	9.826900E+1	9.791500E+1	5.340040E+2
9.824900E+1	2.998960E-2	2.071860E-4	-3.000980E-2	-5.815030E-5	9.822900E+1	9.787300E+1	5.370040E+2
9.820500E+1	2.999020E-2	2.082110E-4	-3.000970E-2	-5.450250E-5	9.818200E+1	9.783000E+1	5.400050E+2
9.816300E+1	2.999010E-2	2.094980E-4	-3.000990E-2	-5.486010E-5	9.813700E+1	9.778900E+1	5.430040E+2
9.812200E+1	2.999010E-2	2.114530E-4	-3.000990E-2	-5.457400E-5	9.809100E+1	9.774500E+1	5.460420E+2
9.807600E+1	2.999000E-2	2.067330E-4	-3.000970E-2	-5.543230E-5	9.805100E+1	9.770300E+1	5.490040E+2
9.803500E+1	2.999000E-2	2.074960E-4	-3.000970E-2	-5.471710E-5	9.800700E+1	9.766600E+1	5.520030E+2
9.798500E+1	2.999020E-2	2.062320E-4	-3.000970E-2	-5.633830E-5	9.796300E+1	9.762000E+1	5.550030E+2
9.794300E+1	2.998970E-2	2.079960E-4	-3.000970E-2	-5.540850E-5	9.791900E+1	9.757800E+1	5.580050E+2
9.789900E+1	2.998980E-2	2.063510E-4	-3.000970E-2	-5.548000E-5	9.787700E+1	9.754100E+1	5.610040E+2
9.785800E+1	2.998990E-2	2.081390E-4	-3.001030E-2	-5.266670E-5	9.783400E+1	9.749900E+1	5.640050E+2
9.781100E+1	2.998920E-2	2.093320E-4	-3.001010E-2	-5.180840E-5	9.778700E+1	9.746000E+1	5.670040E+2
9.776800E+1	2.998940E-2	2.113100E-4	-3.001040E-2	-5.207060E-5	9.774600E+1	9.742100E+1	5.700050E+2
9.772600E+1	2.998910E-2	2.087590E-4	-3.001030E-2	-5.438330E-5	9.770300E+1	9.738200E+1	5.730050E+2
9.768100E+1	2.998950E-2	2.094270E-4	-3.001040E-2	-5.486010E-5	9.766000E+1	9.734200E+1	5.760040E+2
9.763700E+1	2.998930E-2	2.074240E-4	-3.001000E-2	-5.133150E-5	9.761600E+1	9.730700E+1	5.790420E+2
9.759400E+1	2.998940E-2	2.090930E-4	-3.001010E-2	-5.326270E-5	9.757200E+1	9.726800E+1	5.820040E+2
9.755300E+1	2.998990E-2	2.058270E-4	-3.001020E-2	-5.559920E-5	9.752700E+1	9.723100E+1	5.850050E+2
9.750900E+1	2.998950E-2	2.029660E-4	-3.001060E-2	-5.245210E-5	9.748500E+1	9.719200E+1	5.880040E+2
9.746400E+1	2.998920E-2	2.053020E-4	-3.001020E-2	-5.331040E-5	9.744600E+1	9.715700E+1	5.910040E+2
9.742500E+1	2.998950E-2	2.046590E-4	-3.001000E-2	-5.240440E-5	9.740200E+1	9.712500E+1	5.940040E+2
9.738200E+1	2.998940E-2	2.073050E-4	-3.001020E-2	-5.338190E-5	9.735700E+1	9.708800E+1	5.970050E+2
9.733700E+1	2.998960E-2	2.078530E-4	-3.001000E-2	-5.221370E-5	9.731600E+1	9.705000E+1	6.000060E+2
9.729800E+1	2.998960E-2	2.065660E-4	-3.001000E-2	-5.147460E-5	9.727900E+1	9.701900E+1	6.030050E+2
9.725500E+1	2.998940E-2	2.055410E-4	-3.001020E-2	-5.099770E-5	9.723200E+1	9.698300E+1	6.060040E+2
9.721200E+1	2.998980E-2	2.052070E-4	-3.001020E-2	-5.002020E-5	9.719000E+1	9.694600E+1	6.090040E+2
9.717100E+1	2.998960E-2	2.068040E-4	-3.001000E-2	-5.300050E-5	9.715100E+1	9.691300E+1	6.120420E+2
9.712700E+1	2.998960E-2	2.072810E-4	-3.001010E-2	-5.142690E-5	9.711100E+1	9.687600E+1	6.150050E+2
9.708600E+1	2.998930E-2	2.052070E-4	-3.001020E-2	-5.166530E-5	9.706100E+1	9.684200E+1	6.180050E+2
9.704800E+1	2.998980E-2	2.071620E-4	-3.000980E-2	-5.216600E-5	9.701900E+1	9.680700E+1	6.210040E+2
9.700600E+1	2.998970E-2	2.056360E-4	-3.000980E-2	-5.385880E-5	9.697900E+1	9.677500E+1	6.240050E+2
9.696300E+1	2.998990E-2	2.051830E-4	-3.000970E-2	-5.276200E-5	9.694100E+1	9.674300E+1	6.270050E+2
9.691900E+1	2.998950E-2	2.035140E-4	-3.001020E-2	-4.930500E-5	9.690000E+1	9.670900E+1	6.300040E+2
9.687700E+1	2.998940E-2	2.059700E-4	-3.001010E-2	-4.875660E-5	9.685800E+1	9.667900E+1	6.330040E+2
9.683700E+1	2.998960E-2	2.031090E-4	-3.000980E-2	-5.016330E-5	9.681900E+1	9.664600E+1	6.360040E+2
9.679700E+1	2.998960E-2	2.066610E-4	-3.001010E-2	-4.653930E-5	9.677700E+1	9.661100E+1	6.390050E+2
9.675800E+1	2.998980E-2	2.040620E-4	-3.000970E-2	-4.746910E-5	9.673600E+1	9.657900E+1	6.420050E+2
9.671400E+1	2.998970E-2	2.077580E-4	-3.000960E-2	-4.799370E-5	9.669500E+1	9.654700E+1	6.450410E+2
9.667800E+1	2.998980E-2	2.035380E-4	-3.000970E-2	-4.591940E-5	9.665200E+1	9.651600E+1	6.480040E+2
9.663600E+1	2.999010E-2	2.060410E-4	-3.000950E-2	-4.799370E-5	9.661600E+1	9.648400E+1	6.510060E+2
9.659500E+1	2.999010E-2	2.053500E-4	-3.000980E-2	-5.037780E-5	9.657300E+1	9.645200E+1	6.540060E+2
9.655600E+1	2.999010E-2	2.051590E-4	-3.000990E-2	-4.966260E-5	9.653700E+1	9.642300E+1	6.570050E+2
9.651500E+1	2.998980E-2	2.019640E-4	-3.000980E-2	-4.742150E-5	9.649600E+1	9.638900E+1	6.600040E+2
9.647200E+1	2.998950E-2	2.063510E-4	-3.001010E-2	-4.780290E-5	9.645500E+1	9.636200E+1	6.630040E+2
9.643400E+1	2.998960E-2	2.054690E-4	-3.001030E-2	-4.527570E-5	9.641600E+1	9.633500E+1	6.660050E+2
9.639600E+1	2.998910E-2	2.043010E-4	-3.001040E-2	-4.754070E-5	9.637700E+1	9.630200E+1	6.690050E+2
9.635500E+1	2.998950E-2	2.043720E-4	-3.001070E-2	-4.742150E-5	9.633600E+1	9.627400E+1	6.720050E+2
9.632000E+1	2.998910E-2	2.042770E-4	-3.001010E-2	-4.618170E-5	9.629800E+1	9.624300E+1	6.750040E+2
9.627700E+1	2.998940E-2	2.052310E-4	-3.000940E-2	-4.982950E-5	9.625800E+1	9.621800E+1	6.780400E+2
9.624000E+1	2.998960E-2	2.033000E-4	-3.000960E-2	-4.625320E-5	9.621900E+1	9.618900E+1	6.810050E+2
9.620100E+1	2.998970E-2	2.052550E-4	-3.000980E-2	-4.570480E-5	9.618100E+1	9.615700E+1	6.840050E+2
9.616500E+1	2.998980E-2	2.027510E-4	-3.000960E-2	-4.661080E-5	9.614600E+1	9.613100E+1	6.870050E+2
9.612700E+1	2.999020E-2	2.050880E-4	-3.000960E-2	-4.653930E-5	9.610200E+1	9.610300E+1	6.900050E+2
9.608900E+1	2.998960E-2	2.044680E-4	-3.000980E-2	-4.584790E-5	9.606800E+1	9.607800E+1	6.930060E+2
9.604800E+1	2.998960E-2	2.009150E-4	-3.001030E-2	-4.673000E-5	9.603000E+1	9.605000E+1	6.960050E+2
9.600900E+1	2.998940E-2	1.998420E-4	-3.001000E-2	-4.630090E-5	9.599300E+1	9.601700E+1	6.990050E+2
9.597500E+1	2.998930E-2	2.051830E-4	-3.001000E-2	-4.270080E-5	9.595300E+1	9.599400E+1	7.020040E+2
9.593700E+1	2.998950E-2	2.021070E-4	-3.000990E-2	-4.417900E-5	9.591400E+1	9.596800E+1	7.050050E+2
9.589900E+1	2.998970E-2	2.050400E-4	-3.001000E-2	-4.713540E-5	9.588000E+1	9.594200E+1	7.080050E+2
9.585800E+1	2.998950E-2	2.022030E-4	-3.001000E-2	-4.580020E-5	9.584200E+1	9.591600E+1	7.110410E+2
9.582200E+1	2.998990E-2	2.023940E-4	-3.000980E-2	-4.360680E-5	9.580600E+1	9.588700E+1	7.140050E+2
9.578600E+1	2.998970E-2	2.041100E-4	-3.000970E-2	-4.429820E-5	9.576800E+1	9.586000E+1	7.170050E+2
9.575100E+1	2.998970E-2	2.019170E-4	-3.000990E-2	-4.401210E-5	9.573200E+1	9.583300E+1	7.200050E+2
9.571500E+1	2.998980E-2	2.021070E-4	-3.000960E-2	-4.739760E-5	9.569800E+1	9.580900E+1	7.230060E+2
9.568100E+1	2.998990E-2	2.012970E-4	-3.000960E-2	-4.637240E-5	9.566400E+1	9.578400E+1	7.260060E+2
9.564400E+1	2.999000E-2	2.004620E-4	-3.000990E-2	-4.913810E-5	9.562300E+1	9.575900E+1	7.290060E+2
9.560700E+1	2.998960E-2	1.993180E-4	-3.000970E-2	-4.589560E-5	9.558900E+1	9.572900E+1	7.320050E+2
9.557000E+1	2.998990E-2	1.989360E-4	-3.000960E-2	-4.312990E-5	9.555400E+1	9.571100E+1	7.350050E+2
9.553900E+1	2.999010E-2	2.013440E-4	-3.000970E-2	-4.401210E-5	9.551900E+1	9.568500E+1	7.380050E+2
9.549900E+1	2.999010E-2	2.030370E-4	-3.000990E-2	-4.467960E-5	9.548600E+1	9.566400E+1	7.410060E+2
9.546900E+1	2.998950E-2	1.966950E-4	-3.000980E-2	-4.582410E-5	9.544600E+1	9.563500E+1	7.440410E+2
9.543100E+1	2.998950E-2	2.019880E-4	-3.000950E-2	-4.422660E-5	9.541300E+1	9.561300E+1	7.470050E+2
9.539500E+1	2.998970E-2	1.993420E-4	-3.000960E-2	-4.432200E-5	9.538000E+1	9.559000E+1	7.500050E+2
9.536200E+1	2.999020E-2	2.011780E-4	-3.000950E-2	-4.360680E-5	9.534400E+1	9.556600E+1	7.530040E+2
9.532800E+1	2.999010E-2	1.964570E-4	-3.000970E-2	-4.112720E-5	9.531100E+1	9.554100E+1	7.560070E+2
9.529300E+1	2.999030E-2	1.960280E-4	-3.000970E-2	-4.241470E-5	9.527600E+1	9.552300E+1	7.590060E+2
9.525800E+1	2.999050E-2	2.002000E-4	-3.000980E-2	-4.475120E-5	9.524100E+1	9.549900E+1	7.620060E+2
9.522400E+1	2.999010E-2	1.975060E-4	-3.000970E-2	-4.339220E-5	9.520900E+1	9.547900E+1	7.650050E+2
9.519200E+1	2.998970E-2	1.998420E-4	-3.001000E-2	-4.348760E-5	9.517600E+1	9.545600E+1	7.680060E+2
9.516000E+1	2.998960E-2	1.996040E-4	-3.000980E-2	-4.100800E-5	9.514300E+1	9.543700E+1	7.710060E+2
9.512500E+1	2.998970E-2	1.995800E-4	-3.000990E-2	-4.134180E-5	9.510900E+1	9.541200E+1	7.740060E+2
9.509300E+1	2.999000E-2	2.009870E-4	-3.000980E-2	-4.110340E-5	9.507700E+1	9.539100E+1	7.770400E+2
9.506300E+1	2.999020E-2	1.980780E-4	-3.000980E-2	-3.926750E-5	9.504300E+1	9.537600E+1	7.800050E+2
9.502500E+1	2.999000E-2	1.976970E-4	-3.000980E-2	-4.091260E-5	9.500900E+1	9.535200E+1	7.830070E+2
9.499600E+1	2.998980E-2	1.966710E-4	-3.000990E-2	-4.198550E-5	9.497500E+1	9.533500E+1	7.860060E+2
9.496300E+1	2.999040E-2	1.982450E-4	-3.000980E-2	-3.905300E-5	9.494600E+1	9.531900E+1	7.890060E+2
9.492900E+1	2.999060E-2	1.968860E-4	-3.000970E-2	-4.231930E-5	9.491400E+1	9.529600E+1	7.920060E+2
9.489900E+1	2.999010E-2	1.970530E-4	-3.001010E-2	-3.733640E-5	9.488300E+1	9.527900E+1	7.950050E+2
9.486900E+1	2.998990E-2	1.954320E-4	-3.000980E-2	-4.091260E-5	9.485100E+1	9.525900E+1	7.980050E+2
9.483800E+1	2.999000E-2	1.932860E-4	-3.000970E-2	-3.805160E-5	9.481700E+1	9.524100E+1	8.010060E+2
9.480600E+1	2.998980E-2	1.964090E-4	-3.001010E-2	-3.767010E-5	9.479000E+1	9.522700E+1	8.040060E+2
9.477300E+1	2.998960E-2	1.936910E-4	-3.001010E-2	-3.843310E-5	9.475800E+1	9.520800E+1	8.070060E+2
9.474400E+1	2.998950E-2	1.954560E-4	-3.001010E-2	-3.976820E-5	9.472900E+1	9.519300E+1	8.100410E+2
9.471700E+1	2.998980E-2	1.953360E-4	-3.000970E-2	-4.041190E-5	9.469800E+1	9.517400E+1	8.130050E+2
9.468300E+1	2.999000E-2	1.938340E-4	-3.001000E-2	-3.974440E-5	9.466600E+1	9.515600E+1	8.160050E+2
9.465400E+1	2.998980E-2	1.922850E-4	-3.001010E-2	-3.397460E-5	9.463800E+1	9.514300E+1	8.190070E+2
9.462400E+1	2.998970E-2	1.930000E-4	-3.000990E-2	-3.871920E-5	9.460600E+1	9.512100E+1	8.220060E+2
9.459300E+1	2.998950E-2	1.972910E-4	-3.000980E-2	-3.795620E-5	9.458000E+1	9.510800E+1	8.250070E+2
9.456300E+1	2.998990E-2	1.943830E-4	-3.001000E-2	-3.504750E-5	9.454600E+1	9.509000E+1	8.280060E+2
9.453700E+1	2.998960E-2	1.950030E-4	-3.001010E-2	-3.573890E-5	9.452100E+1	9.507800E+1	8.310050E+2
9.450800E+1	2.998970E-2	1.966710E-4	-3.001020E-2	-3.700260E-5	9.449100E+1	9.505500E+1	8.340050E+2
9.448000E+1	2.998950E-2	1.940490E-4	-3.001030E-2	-3.721710E-5	9.446400E+1	9.504600E+1	8.370070E+2
9.445300E+1	2.998960E-2	1.924280E-4	-3.001030E-2	-3.473760E-5	9.443500E+1	9.503300E+1	8.400060E+2
9.442300E+1	2.998980E-2	1.948600E-4	-3.000970E-2	-3.585820E-5	9.440800E+1	9.501800E+1	8.430420E+2
9.439700E+1	2.999020E-2	1.893040E-4	-3.000980E-2	-3.676410E-5	9.438200E+1	9.500500E+1	8.460060E+2
9.437000E+1	2.998990E-2	1.935010E-4	-3.000970E-2	-3.442760E-5	9.435300E+1	9.499000E+1	8.490050E+2
9.434200E+1	2.998990E-2	1.913790E-4	-3.000970E-2	-3.705020E-5	9.432800E+1	9.497700E+1	8.520060E+2
9.431300E+1	2.998990E-2	1.897570E-4	-3.000970E-2	-3.752710E-5	9.429900E+1	9.496400E+1	8.550070E+2
9.428600E+1	2.998960E-2	1.911880E-4	-3.000980E-2	-3.759860E-5	9.427000E+1	9.495400E+1	8.580060E+2
9.425900E+1	2.998970E-2	1.903530E-4	-3.001000E-2	-3.330710E-5	9.424500E+1	9.493800E+1	8.610070E+2
9.423200E+1	2.998950E-2	1.902340E-4	-3.000960E-2	-3.573890E-5	9.421900E+1	9.492700E+1	8.640070E+2
9.420400E+1	2.998940E-2	1.867770E-4	-3.001000E-2	-3.480910E-5	9.419100E+1	9.491700E+1	8.670060E+2
9.417800E+1	2.998990E-2	1.919270E-4	-3.000990E-2	-3.442760E-5	9.416900E+1	9.490300E+1	8.700060E+2
9.415400E+1	2.998960E-2	1.925470E-4	-3.001010E-2	-3.433230E-5	9.413900E+1	9.489700E+1	8.730050E+2
9.412800E+1	2.998960E-2	1.907110E-4	-3.001000E-2	-2.992150E-5	9.411300E+1	9.488400E+1	8.760410E+2
9.410500E+1	2.998960E-2	1.881360E-4	-3.000990E-2	-3.356930E-5	9.409000E+1	9.487500E+1	8.790060E+2
9.408100E+1	2.998990E-2	1.889940E-4	-3.000960E-2	-3.082750E-5	9.406400E+1	9.486800E+1	8.820070E+2
9.405300E+1	2.998980E-2	1.867530E-4	-3.000980E-2	-3.404620E-5	9.404300E+1	9.485200E+1	8.850060E+2
9.403000E+1	2.998960E-2	1.879450E-4	-3.001010E-2	-3.392700E-5	9.401700E+1	9.484500E+1	8.880060E+2
9.400500E+1	2.998960E-2	1.881120E-4	-3.001000E-2	-3.316400E-5	9.399300E+1	9.484000E+1	8.910060E+2
9.398000E+1	2.998940E-2	1.899480E-4	-3.001020E-2	-3.142360E-5	9.396900E+1	9.482700E+1	8.940050E+2
9.395800E+1	2.998950E-2	1.872780E-4	-3.001040E-2	-3.468990E-5	9.394700E+1	9.482000E+1	8.970060E+2
9.393500E+1	2.998950E-2	1.861810E-4	-3.001020E-2	-2.706050E-5	9.391800E+1	9.481600E+1	9.000080E+2
9.391000E+1	2.998940E-2	1.880410E-4	-3.001030E-2	-2.675060E-5	9.389800E+1	9.480100E+1	9.030070E+2
9.388900E+1	2.998930E-2	1.899000E-4	-3.001020E-2	-3.006460E-5	9.387600E+1	9.479800E+1	9.060070E+2
9.386600E+1	2.998980E-2	1.863000E-4	-3.001030E-2	-3.218650E-5	9.385600E+1	9.479100E+1	9.090410E+2
9.384300E+1	2.998950E-2	1.868960E-4	-3.001030E-2	-2.906320E-5	9.383100E+1	9.478300E+1	9.120050E+2
9.382000E+1	2.998980E-2	1.868960E-4	-3.001040E-2	-2.720360E-5	9.380900E+1	9.477700E+1	9.150070E+2
9.380100E+1	2.998930E-2	1.851560E-4	-3.001050E-2	-2.882480E-5	9.378900E+1	9.477300E+1	9.180060E+2
9.377800E+1	2.998930E-2	1.879690E-4	-3.001050E-2	-2.961160E-5	9.376500E+1	9.476500E+1	9.210070E+2
9.375200E+1	2.998960E-2	1.853700E-4	-3.001040E-2	-2.782340E-5	9.374700E+1	9.475500E+1	9.240070E+2
9.373600E+1	2.998970E-2	1.853700E-4	-3.001030E-2	-2.863410E-5	9.372500E+1	9.475100E+1	9.270070E+2
9.371500E+1	2.998920E-2	1.820800E-4	-3.001050E-2	-2.434250E-5	9.370200E+1	9.474500E+1	9.300070E+2
9.369200E+1	2.998910E-2	1.881840E-4	-3.001000E-2	-2.508160E-5	9.368000E+1	9.473900E+1	9.330070E+2
9.367400E+1	2.998940E-2	1.850840E-4	-3.001010E-2	-2.579690E-5	9.366300E+1	9.473100E+1	9.360060E+2
9.365200E+1	2.998940E-2	1.834870E-4	-3.001000E-2	-2.701280E-5	9.364100E+1	9.472700E+1	9.390060E+2
9.363200E+1	2.998950E-2	1.825810E-4	-3.000980E-2	-2.889630E-5	9.362200E+1	9.472100E+1	9.420400E+2
9.361200E+1	2.998970E-2	1.823430E-4	-3.000990E-2	-2.849100E-5	9.360300E+1	9.471800E+1	9.450070E+2
9.359300E+1	2.998940E-2	1.828430E-4	-3.001000E-2	-2.503400E-5	9.358400E+1	9.471400E+1	9.480070E+2
9.357600E+1	2.998970E-2	1.814840E-4	-3.001000E-2	-2.429490E-5	9.356700E+1	9.470600E+1	9.510070E+2
9.355600E+1	2.998980E-2	1.796480E-4	-3.001010E-2	-2.524850E-5	9.354900E+1	9.469900E+1	9.540070E+2
9.353900E+1	2.998980E-2	1.799350E-4	-3.001010E-2	-2.484320E-5	9.352500E+1	9.469100E+1	9.570060E+2
9.352000E+1	2.998960E-2	1.814130E-4	-3.001010E-2	-2.505780E-5	9.351500E+1	9.469100E+1	9.600060E+2
9.350100E+1	2.998950E-2	1.800540E-4	-3.001000E-2	-2.393720E-5	9.349200E+1	9.468700E+1	9.630070E+2
9.348100E+1	2.998970E-2	1.778130E-4	-3.001000E-2	-2.348420E-5	9.347200E+1	9.467900E+1	9.660080E+2
9.346400E+1	2.998960E-2	1.811740E-4	-3.001010E-2	-2.145770E-5	9.345900E+1	9.467600E+1	9.690080E+2
9.344800E+1	2.998950E-2	1.800780E-4	-3.000990E-2	-2.021790E-5	9.344000E+1	9.467400E+1	9.720070E+2
9.342900E+1	2.998910E-2	1.806970E-4	-3.000990E-2	-2.145770E-5	9.342200E+1	9.467200E+1	9.750410E+2
9.341300E+1	2.998940E-2	1.743080E-4	-3.000980E-2	-2.207760E-5	9.340400E+1	9.466900E+1	9.780060E+2
9.339900E+1	2.998950E-2	1.753570E-4	-3.000950E-2	-1.838210E-5	9.338800E+1	9.466500E+1	9.810060E+2
9.337700E+1	2.998930E-2	1.776930E-4	-3.000980E-2	-1.950260E-5	9.337000E+1	9.466200E+1	9.840080E+2
9.336400E+1	2.998980E-2	1.763340E-4	-3.000960E-2	-1.571180E-5	9.335500E+1	9.465800E+1	9.870060E+2
9.334600E+1	2.998970E-2	1.722100E-4	-3.000960E-2	-1.878740E-5	9.334000E+1	9.466000E+1	9.900080E+2
9.333200E+1	2.998970E-2	1.761200E-4	-3.001020E-2	-1.816750E-5	9.332400E+1	9.465600E+1	9.930070E+2
9.331600E+1	2.998980E-2	1.728770E-4	-3.001000E-2	-1.485350E-5	9.330700E+1	9.465600E+1	9.960070E+2
9.330100E+1	2.998940E-2	1.759530E-4	-3.001030E-2	-1.852510E-5	9.329400E+1	9.465100E+1	9.990060E+2
9.329000E+1	2.998950E-2	1.753330E-4	-3.001010E-2	-1.389980E-5	9.328200E+1	9.465600E+1	1.002007E+3
9.327200E+1	2.998950E-2	1.739260E-4	-3.001020E-2	-1.523490E-5	9.326400E+1	9.465000E+1	1.005007E+3
9.325600E+1	2.998980E-2	1.721620E-4	-3.001020E-2	-1.409050E-5	9.324500E+1	9.464700E+1	1.008041E+3
9.324300E+1	2.998990E-2	1.683950E-4	-3.001010E-2	-1.654620E-5	9.323600E+1	9.465000E+1	1.011007E+3
9.322800E+1	2.998980E-2	1.678940E-4	-3.001030E-2	-1.149180E-5	9.322200E+1	9.465000E+1	1.014007E+3
9.321100E+1	2.998940E-2	1.724720E-4	-3.001020E-2	-1.451970E-5	9.320400E+1	9.465000E+1	1.017007E+3
9.320100E+1	2.998940E-2	1.671080E-4	-3.001000E-2	-1.397130E-5	9.319100E+1	9.464500E+1	1.020007E+3
9.318500E+1	2.999000E-2	1.695390E-4	-3.001040E-2	-1.108650E-5	9.318200E+1	9.464600E+1	1.023007E+3
9.317300E+1	2.998960E-2	1.668450E-4	-3.001050E-2	-1.308920E-5	9.316700E+1	9.464700E+1	1.026006E+3
9.316000E+1	2.998940E-2	1.686810E-4	-3.001020E-2	-9.894370E-6	9.315300E+1	9.464900E+1	1.029008E+3
9.314600E+1	2.998990E-2	1.680140E-4	-3.001010E-2	-9.918210E-6	9.313800E+1	9.464800E+1	1.032006E+3
9.313100E+1	2.998980E-2	1.648660E-4	-3.000990E-2	-1.201630E-5	9.312600E+1	9.465000E+1	1.035008E+3
9.312300E+1	2.998970E-2	1.643660E-4	-3.000990E-2	-6.127360E-6	9.311600E+1	9.465000E+1	1.038008E+3
9.311100E+1	2.999020E-2	1.663210E-4	-3.000970E-2	-8.773800E-6	9.310600E+1	9.465100E+1	1.041040E+3
9.309500E+1	2.998990E-2	1.636740E-4	-3.000960E-2	-8.678440E-6	9.309000E+1	9.465100E+1	1.044007E+3
9.308600E+1	2.998970E-2	1.616000E-4	-3.000970E-2	-5.269050E-6	9.308300E+1	9.465200E+1	1.047006E+3
9.307400E+1	2.998970E-2	1.612190E-4	-3.000980E-2	-8.225440E-6	9.306600E+1	9.465100E+1	1.050006E+3
9.306500E+1	2.998960E-2	1.607420E-4	-3.000960E-2	-6.675720E-6	9.305700E+1	9.465700E+1	1.053009E+3
9.305300E+1	2.998990E-2	1.600270E-4	-3.000980E-2	-4.553790E-6	9.304900E+1	9.465400E+1	1.056008E+3
9.304300E+1	2.998940E-2	1.592160E-4	-3.000990E-2	-4.243850E-6	9.303600E+1	9.465400E+1	1.059008E+3
9.302500E+1	2.998960E-2	1.590010E-4	-3.000990E-2	-2.312660E-6	9.302400E+1	9.465500E+1	1.062007E+3
9.302000E+1	2.998960E-2	1.563550E-4	-3.000980E-2	2.622600E-7	9.301400E+1	9.465800E+1	1.065007E+3
9.301100E+1	2.998980E-2	1.558540E-4	-3.001000E-2	-1.931190E-6	9.300500E+1	9.466100E+1	1.068007E+3
9.300100E+1	2.998970E-2	1.567840E-4	-3.001020E-2	1.239780E-6	9.299300E+1	9.466300E+1	1.071007E+3
9.298800E+1	2.998960E-2	1.522540E-4	-3.000980E-2	2.169610E-6	9.298200E+1	9.466500E+1	1.074041E+3
9.298100E+1	2.998970E-2	1.544480E-4	-3.000980E-2	1.788140E-6	9.297600E+1	9.466900E+1	1.077008E+3
9.296900E+1	2.998960E-2	1.528020E-4	-3.001010E-2	3.552440E-6	9.296500E+1	9.467300E+1	1.080008E+3
9.295800E+1	2.998990E-2	1.518730E-4	-3.000960E-2	4.291530E-7	9.295700E+1	9.467600E+1	1.083007E+3
9.295000E+1	2.998980E-2	1.513720E-4	-3.000980E-2	2.312660E-6	9.294700E+1	9.467300E+1	1.086007E+3
9.294200E+1	2.998980E-2	1.503940E-4	-3.000990E-2	2.336500E-6	9.293200E+1	9.467400E+1	1.089007E+3
9.293200E+1	2.998970E-2	1.502990E-4	-3.001010E-2	4.553790E-6	9.292600E+1	9.467100E+1	1.092007E+3
9.291800E+1	2.998990E-2	1.513480E-4	-3.000990E-2	4.148480E-6	9.291300E+1	9.466600E+1	1.095007E+3
9.290900E+1	2.998990E-2	1.501080E-4	-3.000990E-2	4.315380E-6	9.290200E+1	9.465400E+1	1.098008E+3
9.290000E+1	2.998960E-2	1.501320E-4	-3.000980E-2	8.058550E-6	9.289600E+1	9.463600E+1	1.101008E+3
9.288900E+1	2.998990E-2	1.465320E-4	-3.000970E-2	9.322170E-6	9.288200E+1	9.461600E+1	1.104008E+3
9.287800E+1	2.998980E-2	1.450060E-4	-3.000970E-2	8.702280E-6	9.287300E+1	9.458700E+1	1.107041E+3
9.286900E+1	2.998980E-2	1.453640E-4	-3.001020E-2	5.984310E-6	9.286000E+1	9.454500E+1	1.110007E+3
9.285700E+1	2.998960E-2	1.421930E-4	-3.000990E-2	1.008510E-5	9.284900E+1	9.449500E+1	1.113007E+3
9.284500E+1	2.998960E-2	1.452920E-4	-3.000990E-2	1.049040E-5	9.283700E+1	9.442700E+1	1.116007E+3
9.283700E+1	2.998970E-2	1.439090E-4	-3.001030E-2	9.894370E-6	9.283200E+1	9.433000E+1	1.119008E+3
9.281700E+1	2.998990E-2	1.404290E-4	-3.000970E-2	1.246930E-5	9.280900E+1	9.418100E+1	1.122009E+3
9.280500E+1	2.999010E-2	1.427170E-4	-3.000970E-2	1.277920E-5	9.280000E+1	9.404100E+1	1.125008E+3
9.278900E+1	2.998980E-2	1.389270E-4	-3.001000E-2	1.678470E-5	9.278000E+1	9.384000E+1	1.128007E+3
9.277000E+1	2.998970E-2	1.386880E-4	-3.001000E-2	1.492500E-5	9.275700E+1	9.365500E+1	1.131007E+3
9.274900E+1	2.998980E-2	1.393800E-4	-3.001000E-2	1.738070E-5	9.273700E+1	9.347000E+1	1.134009E+3
9.272200E+1	2.998970E-2	1.378540E-4	-3.001010E-2	1.876350E-5	9.270900E+1	9.322600E+1	1.137008E+3
9.268800E+1	2.998940E-2	1.358750E-4	-3.000990E-2	1.780990E-5	9.268100E+1	9.305100E+1	1.140041E+3
9.266400E+1	2.998950E-2	1.305820E-4	-3.000990E-2	2.276900E-5	9.264600E+1	9.283200E+1	1.143008E+3
9.263000E+1	2.998960E-2	1.282450E-4	-3.000980E-2	2.193450E-5	9.261200E+1	9.258000E+1	1.146007E+3
9.259300E+1	2.998940E-2	1.265760E-4	-3.000980E-2	2.613070E-5	9.257200E+1	9.238600E+1	1.149007E+3
9.255200E+1	2.998950E-2	1.210210E-4	-3.000980E-2	2.920630E-5	9.252700E+1	9.224100E+1	1.152008E+3
9.250900E+1	2.998950E-2	1.176360E-4	-3.000990E-2	3.225800E-5	9.248400E+1	9.197900E+1	1.155008E+3
9.245900E+1	2.998970E-2	1.163010E-4	-3.001010E-2	3.545280E-5	9.243400E+1	9.177600E+1	1.158008E+3
9.241200E+1	2.998950E-2	1.140830E-4	-3.001000E-2	3.957750E-5	9.238200E+1	9.156700E+1	1.161008E+3
9.235700E+1	2.998960E-2	1.110320E-4	-3.000990E-2	4.072190E-5	9.232700E+1	9.136000E+1	1.164009E+3
9.230300E+1	2.998960E-2	1.106260E-4	-3.001000E-2	4.568100E-5	9.227200E+1	9.116000E+1	1.167009E+3
9.224400E+1	2.998950E-2	1.019000E-4	-3.001020E-2	4.870890E-5	9.221100E+1	9.090800E+1	1.170008E+3
9.218100E+1	2.998950E-2	1.009940E-4	-3.001000E-2	5.028250E-5	9.214500E+1	9.075500E+1	1.173042E+3
9.211900E+1	2.998950E-2	9.508130E-5	-3.001000E-2	5.266670E-5	9.208200E+1	9.053000E+1	1.176008E+3
9.205100E+1	2.998990E-2	9.117130E-5	-3.001030E-2	5.736350E-5	9.201000E+1	9.034000E+1	1.179008E+3
9.197500E+1	2.998950E-2	8.988380E-5	-3.001050E-2	5.805490E-5	9.194100E+1	9.024100E+1	1.182007E+3
9.190900E+1	2.998950E-2	8.790490E-5	-3.001070E-2	6.241800E-5	9.187000E+1	9.008800E+1	1.185008E+3
9.182900E+1	2.998950E-2	8.699890E-5	-3.001030E-2	6.349090E-5	9.179200E+1	9.004200E+1	1.188007E+3
9.175900E+1	2.998970E-2	8.552070E-5	-3.001020E-2	6.787780E-5	9.171700E+1	8.995100E+1	1.191007E+3
9.168000E+1	2.998960E-2	8.327960E-5	-3.001000E-2	6.918910E-5	9.163700E+1	8.989600E+1	1.194008E+3
9.160300E+1	2.998980E-2	7.977490E-5	-3.001030E-2	7.305150E-5	9.155800E+1	8.989900E+1	1.197009E+3
9.151900E+1	2.998990E-2	7.970330E-5	-3.001050E-2	7.145410E-5	9.148200E+1	8.989400E+1	1.200007E+3
9.144300E+1	2.998950E-2	7.398130E-5	-3.001040E-2	7.297990E-5	9.139700E+1	8.988000E+1	1.203007E+3
9.136000E+1	2.998950E-2	7.154940E-5	-3.001000E-2	7.386210E-5	9.132000E+1	8.987500E+1	1.206041E+3
9.128400E+1	2.998980E-2	7.085800E-5	-3.000990E-2	7.815360E-5	9.123900E+1	8.987300E+1	1.209007E+3
9.119800E+1	2.998960E-2	7.033350E-5	-3.001010E-2	7.352830E-5	9.115700E+1	8.989800E+1	1.212009E+3
9.112300E+1	2.998990E-2	7.009510E-5	-3.001020E-2	7.848740E-5	9.107900E+1	8.993300E+1	1.215008E+3
9.104100E+1	2.998970E-2	7.061960E-5	-3.001030E-2	8.132460E-5	9.102100E+1	8.995700E+1	1.217147E+3
9.099000E+1	2.998960E-2	6.487370E-5	-3.001030E-2	8.134840E-5	9.094500E+1	8.966700E+1	1.220009E+3
9.090900E+1	2.998980E-2	6.539820E-5	-3.001030E-2	8.227830E-5	9.087000E+1	8.931600E+1	1.223008E+3
9.082900E+1	2.998970E-2	6.563660E-5	-3.001000E-2	7.984640E-5	9.078700E+1	8.910400E+1	1.226011E+3
9.074700E+1	2.998990E-2	6.792550E-5	-3.000990E-2	8.218290E-5	9.071000E+1	8.887600E+1	1.229009E+3
9.066800E+1	2.998980E-2	6.613730E-5	-3.001010E-2	8.282660E-5	9.062500E+1	8.861700E+1	1.232009E+3
9.058600E+1	2.998950E-2	6.778240E-5	-3.000990E-2	8.330350E-5	9.055000E+1	8.848000E+1	1.235011E+3
9.050400E+1	2.998990E-2	6.661410E-5	-3.000970E-2	8.594990E-5	9.046200E+1	8.831300E+1	1.238041E+3
9.042400E+1	2.998980E-2	6.618500E-5	-3.001010E-2	8.366110E-5	9.038100E+1	8.810300E+1	1.241008E+3
9.034200E+1	2.998940E-2	6.432530E-5	-3.001050E-2	8.358960E-5	9.029400E+1	8.797100E+1	1.244012E+3
9.025700E+1	2.998950E-2	6.966590E-5	-3.001060E-2	8.304120E-5	9.021000E+1	8.779800E+1	1.247008E+3
9.016900E+1	2.998940E-2	6.535050E-5	-3.001060E-2	8.625980E-5	9.012200E+1	8.761800E+1	1.250009E+3
9.007500E+1	2.998950E-2	6.620880E-5	-3.001050E-2	8.394720E-5	9.003400E+1	8.748200E+1	1.253011E+3
8.999100E+1	2.999000E-2	6.723400E-5	-3.001040E-2	8.356570E-5	8.994600E+1	8.729300E+1	1.256008E+3
8.989700E+1	2.998980E-2	6.384850E-5	-3.001010E-2	8.258820E-5	8.985100E+1	8.712700E+1	1.259007E+3
8.980800E+1	2.998980E-2	6.399150E-5	-3.000980E-2	8.616450E-5	8.975900E+1	8.701300E+1	1.262012E+3
8.971700E+1	2.998990E-2	6.678100E-5	-3.000990E-2	8.327960E-5	8.966400E+1	8.683000E+1	1.265009E+3
8.962500E+1	2.998960E-2	6.601810E-5	-3.001000E-2	8.847710E-5	8.957100E+1	8.666400E+1	1.268008E+3
8.952700E+1	2.998970E-2	6.864070E-5	-3.000990E-2	8.580680E-5	8.947700E+1	8.656900E+1	1.271053E+3
8.943000E+1	2.998990E-2	6.327630E-5	-3.001010E-2	8.609300E-5	8.937800E+1	8.640400E+1	1.274009E+3
8.933300E+1	2.998970E-2	6.341930E-5	-3.001010E-2	8.673670E-5	8.928000E+1	8.623400E+1	1.277008E+3
8.923200E+1	2.998990E-2	6.515980E-5	-3.001020E-2	8.590220E-5	8.918400E+1	8.608100E+1	1.280013E+3
8.913500E+1	2.998980E-2	6.704330E-5	-3.001000E-2	9.000300E-5	8.908400E+1	8.597600E+1	1.283008E+3
8.903500E+1	2.998980E-2	6.511210E-5	-3.000990E-2	8.444790E-5	8.897900E+1	8.583100E+1	1.286009E+3
8.893600E+1	2.998970E-2	6.530280E-5	-3.001030E-2	8.776190E-5	8.887900E+1	8.566700E+1	1.289011E+3
8.883100E+1	2.998960E-2	6.544590E-5	-3.001000E-2	8.349420E-5	8.877700E+1	8.553400E+1	1.292008E+3
8.873200E+1	2.998970E-2	6.196500E-5	-3.001040E-2	8.721350E-5	8.867800E+1	8.538100E+1	1.295008E+3
8.862800E+1	2.998910E-2	6.592270E-5	-3.001040E-2	8.506780E-5	8.857200E+1	8.522300E+1	1.298013E+3
8.852500E+1	2.998950E-2	6.263260E-5	-3.001050E-2	8.831020E-5	8.846900E+1	8.509000E+1	1.301010E+3
8.841600E+1	2.998970E-2	6.453990E-5	-3.001020E-2	8.754730E-5	8.836100E+1	8.495200E+1	1.304040E+3
8.831500E+1	2.998980E-2	6.234650E-5	-3.000990E-2	8.723740E-5	8.825600E+1	8.478400E+1	1.307012E+3
8.820500E+1	2.998990E-2	5.996230E-5	-3.001010E-2	8.726120E-5	8.814400E+1	8.467400E+1	1.310009E+3
8.810000E+1	2.998960E-2	6.234650E-5	-3.001000E-2	8.616450E-5	8.804100E+1	8.457400E+1	1.313008E+3
8.798900E+1	2.998970E-2	6.387230E-5	-3.000990E-2	8.800030E-5	8.793000E+1	8.443600E+1	1.316012E+3
8.788400E+1	2.998950E-2	6.012920E-5	-3.001020E-2	8.788110E-5	8.782400E+1	8.431300E+1	1.319009E+3
8.777100E+1	2.998960E-2	6.129740E-5	-3.001010E-2	8.854870E-5	8.771200E+1	8.422200E+1	1.322008E+3
8.766500E+1	2.998930E-2	6.129740E-5	-3.001020E-2	8.935930E-5	8.760700E+1	8.410200E+1	1.325013E+3
8.755300E+1	2.998980E-2	6.179810E-5	-3.001010E-2	9.078980E-5	8.749400E+1	8.395500E+1	1.328008E+3
8.744200E+1	2.998970E-2	5.822180E-5	-3.001010E-2	8.959770E-5	8.738700E+1	8.381000E+1	1.331009E+3
8.733400E+1	2.998960E-2	5.984310E-5	-3.001010E-2	8.656980E-5	8.727600E+1	8.368600E+1	1.334013E+3
8.722400E+1	2.998980E-2	6.008150E-5	-3.001010E-2	9.167190E-5	8.716700E+1	8.358700E+1	1.337041E+3
8.710900E+1	2.998990E-2	5.552770E-5	-3.000980E-2	8.597370E-5	8.704900E+1	8.346700E+1	1.340009E+3
8.699800E+1	2.998980E-2	5.986690E-5	-3.001000E-2	9.195800E-5	8.694100E+1	8.335500E+1	1.343011E+3
8.689000E+1	2.998980E-2	5.590920E-5	-3.001000E-2	8.971690E-5	8.683200E+1	8.326300E+1	1.346008E+3
8.677800E+1	2.998990E-2	5.543230E-5	-3.001030E-2	9.050370E-5	8.671900E+1	8.316800E+1	1.349009E+3
8.666900E+1	2.999000E-2	5.316730E-5	-3.001020E-2	8.826260E-5	8.660800E+1	8.304500E+1	1.352012E+3
8.655000E+1	2.998990E-2	5.652900E-5	-3.001020E-2	9.152890E-5	8.649300E+1	8.293800E+1	1.355009E+3
8.644300E+1	2.998970E-2	5.936620E-5	-3.001020E-2	9.217260E-5	8.638400E+1	8.282800E+1	1.358008E+3
8.633200E+1	2.999000E-2	5.743500E-5	-3.001010E-2	9.310250E-5	8.626900E+1	8.271300E+1	1.361012E+3
8.621700E+1	2.998990E-2	5.559920E-5	-3.001030E-2	9.353160E-5	8.615600E+1	8.259700E+1	1.364009E+3
8.610400E+1	2.998950E-2	5.700590E-5	-3.001000E-2	9.236340E-5	8.604600E+1	8.250100E+1	1.367009E+3
8.599000E+1	2.998960E-2	5.559920E-5	-3.001040E-2	9.372230E-5	8.593400E+1	8.241600E+1	1.370054E+3
8.588000E+1	2.998970E-2	5.230900E-5	-3.000980E-2	9.269710E-5	8.582400E+1	8.231700E+1	1.373010E+3
8.576800E+1	2.998970E-2	5.154610E-5	-3.000990E-2	9.467600E-5	8.571000E+1	8.221100E+1	1.376009E+3
8.565500E+1	2.998990E-2	5.531310E-5	-3.001020E-2	9.279250E-5	8.559600E+1	8.210600E+1	1.379011E+3
8.554600E+1	2.998990E-2	5.373950E-5	-3.001030E-2	9.205340E-5	8.548400E+1	8.200500E+1	1.382008E+3
8.543400E+1	2.998970E-2	5.273820E-5	-3.001030E-2	9.491440E-5	8.537300E+1	8.191200E+1	1.385009E+3
8.531800E+1	2.998980E-2	5.295280E-5	-3.001020E-2	9.441380E-5	8.526100E+1	8.181800E+1	1.388013E+3
8.520700E+1	2.998970E-2	5.488400E-5	-3.001020E-2	9.779930E-5	8.514800E+1	8.172800E+1	1.391010E+3
8.510000E+1	2.998990E-2	5.397800E-5	-3.001020E-2	9.310250E-5	8.503700E+1	8.164400E+1	1.394009E+3
8.498500E+1	2.999000E-2	5.168910E-5	-3.000990E-2	9.517670E-5	8.492100E+1	8.156000E+1	1.397011E+3
8.487700E+1	2.998960E-2	5.230900E-5	-3.001040E-2	9.760860E-5	8.481300E+1	8.147900E+1	1.400009E+3
8.475900E+1	2.998960E-2	5.218980E-5	-3.001030E-2	9.641650E-5	8.469900E+1	8.140100E+1	1.403042E+3
8.465200E+1	2.998960E-2	4.827980E-5	-3.001050E-2	9.455680E-5	8.459000E+1	8.133100E+1	1.406013E+3
8.453800E+1	2.998980E-2	5.152230E-5	-3.001050E-2	9.417530E-5	8.447600E+1	8.125400E+1	1.409008E+3
8.442300E+1	2.998930E-2	5.099770E-5	-3.001020E-2	9.546280E-5	8.437000E+1	8.115400E+1	1.412010E+3
8.431300E+1	2.998980E-2	5.378720E-5	-3.001030E-2	9.546280E-5	8.425900E+1	8.104700E+1	1.415012E+3
8.420400E+1	2.998950E-2	5.164150E-5	-3.001020E-2	9.636880E-5	8.414800E+1	8.096200E+1	1.418009E+3
8.410000E+1	2.998960E-2	5.376340E-5	-3.001050E-2	9.739400E-5	8.403900E+1	8.089100E+1	1.421009E+3
8.399100E+1	2.998970E-2	5.316730E-5	-3.001050E-2	9.512900E-5	8.393100E+1	8.083000E+1	1.424013E+3
8.388400E+1	2.998970E-2	5.340580E-5	-3.001050E-2	9.710790E-5	8.382300E+1	8.076900E+1	1.427010E+3
8.377600E+1	2.998940E-2	5.218980E-5	-3.001050E-2	9.760860E-5	8.372000E+1	8.071700E+1	1.430009E+3
8.367200E+1	2.998980E-2	5.099770E-5	-3.001010E-2	9.887220E-5	8.361400E+1	8.066700E+1	1.433013E+3
8.356800E+1	2.998980E-2	5.273820E-5	-3.001020E-2	9.882450E-5	8.351300E+1	8.062200E+1	1.436041E+3
8.346300E+1	2.998960E-2	5.095000E-5	-3.001030E-2	9.925370E-5	8.340900E+1	8.057800E+1	1.439011E+3
8.336100E+1	2.998980E-2	4.732610E-5	-3.001010E-2	9.732250E-5	8.330300E+1	8.053500E+1	1.442012E+3
8.325100E+1	2.998970E-2	4.854200E-5	-3.000980E-2	9.508130E-5	8.319300E+1	8.047900E+1	1.445009E+3
8.314200E+1	2.999010E-2	5.013940E-5	-3.001020E-2	9.653570E-5	8.307600E+1	8.038400E+1	1.448010E+3
8.302300E+1	2.998960E-2	4.773140E-5	-3.001010E-2	9.579660E-5	8.296000E+1	8.027500E+1	1.451013E+3
8.291100E+1	2.998980E-2	4.763600E-5	-3.001030E-2	9.641650E-5	8.285200E+1	8.019700E+1	1.454010E+3
8.280100E+1	2.998990E-2	4.823210E-5	-3.001040E-2	9.734630E-5	8.273900E+1	8.013900E+1	1.457009E+3
8.269200E+1	2.998940E-2	4.930500E-5	-3.001040E-2	9.918210E-5	8.263600E+1	8.009600E+1	1.460013E+3
8.258200E+1	2.998960E-2	4.956720E-5	-3.001040E-2	9.491440E-5	8.252800E+1	8.006900E+1	1.463010E+3
8.247800E+1	2.998970E-2	5.016330E-5	-3.001060E-2	9.739400E-5	8.242000E+1	8.004900E+1	1.466010E+3
8.237100E+1	2.998970E-2	5.080700E-5	-3.001020E-2	9.768010E-5	8.231800E+1	8.003000E+1	1.469053E+3
8.227200E+1	2.998990E-2	4.928110E-5	-3.000990E-2	9.746550E-5	8.221500E+1	8.001600E+1	1.472010E+3
8.217300E+1	2.998970E-2	4.777910E-5	-3.001000E-2	9.739400E-5	8.211600E+1	8.001000E+1	1.475010E+3
8.207100E+1	2.998980E-2	4.749300E-5	-3.001020E-2	9.746550E-5	8.201700E+1	8.000100E+1	1.478014E+3
8.197300E+1	2.999000E-2	4.811290E-5	-3.001010E-2	9.920600E-5	8.191900E+1	7.999600E+1	1.481009E+3
8.187700E+1	2.998980E-2	4.842280E-5	-3.000990E-2	9.977820E-5	8.182800E+1	7.999600E+1	1.484010E+3
8.178400E+1	2.998970E-2	5.121230E-5	-3.001010E-2	9.994510E-5	8.173400E+1	8.000100E+1	1.487012E+3
8.168900E+1	2.998930E-2	4.968640E-5	-3.000990E-2	9.720330E-5	8.164800E+1	8.002200E+1	1.490011E+3
8.160300E+1	2.998950E-2	5.018710E-5	-3.000980E-2	1.019000E-4	8.156000E+1	8.002600E+1	1.493010E+3
8.151800E+1	2.998980E-2	5.156990E-5	-3.000980E-2	1.014710E-4	8.147400E+1	8.002200E+1	1.496014E+3
8.143500E+1	2.999000E-2	4.940030E-5	-3.001000E-2	1.027350E-4	8.138500E+1	8.001600E+1	1.499011E+3
8.134900E+1	2.998980E-2	5.173680E-5	-3.000980E-2	9.908680E-5	8.130600E+1	8.000500E+1	1.502041E+3
8.126800E+1	2.998950E-2	4.897120E-5	-3.001010E-2	9.789470E-5	8.122700E+1	8.000900E+1	1.505012E+3
8.119000E+1	2.998990E-2	5.006790E-5	-3.000920E-2	9.744170E-5	8.114500E+1	7.999900E+1	1.508010E+3
8.111100E+1	2.999010E-2	4.806520E-5	-3.000940E-2	9.889600E-5	8.106700E+1	7.999600E+1	1.511009E+3
8.103500E+1	2.998960E-2	5.023480E-5	-3.000960E-2	9.906290E-5	8.099300E+1	7.999600E+1	1.514091E+3
8.095600E+1	2.998980E-2	4.720690E-5	-3.000980E-2	9.970670E-5	8.091700E+1	7.999000E+1	1.517010E+3
8.088300E+1	2.998970E-2	5.121230E-5	-3.001070E-2	1.017810E-4	8.084500E+1	7.998300E+1	1.520009E+3
8.081100E+1	2.998960E-2	5.273820E-5	-3.001060E-2	9.684560E-5	8.077700E+1	7.997300E+1	1.523012E+3
8.074300E+1	2.998970E-2	4.978180E-5	-3.001080E-2	1.005170E-4	8.070300E+1	7.996300E+1	1.526010E+3
8.067300E+1	2.998970E-2	5.242820E-5	-3.001030E-2	1.024250E-4	8.063500E+1	7.995900E+1	1.529010E+3
8.060200E+1	2.998960E-2	4.997250E-5	-3.001030E-2	9.694100E-5	8.056900E+1	7.995000E+1	1.532014E+3
8.053600E+1	2.998980E-2	4.944800E-5	-3.000960E-2	9.894370E-5	8.050500E+1	7.994400E+1	1.535041E+3
8.047300E+1	2.998970E-2	4.620550E-5	-3.000990E-2	9.887220E-5	8.043700E+1	7.993200E+1	1.538010E+3
8.040900E+1	2.998950E-2	5.009170E-5	-3.001000E-2	1.002070E-4	8.037200E+1	7.993700E+1	1.541014E+3
8.035000E+1	2.998940E-2	4.901890E-5	-3.001010E-2	9.748940E-5	8.031600E+1	7.995200E+1	1.544010E+3
8.029000E+1	2.998950E-2	4.866120E-5	-3.000990E-2	9.589200E-5	8.025800E+1	7.994800E+1	1.547011E+3
8.023000E+1	2.998960E-2	4.534720E-5	-3.001010E-2	9.913440E-5	8.020200E+1	7.995300E+1	1.550013E+3
8.017600E+1	2.998940E-2	5.161760E-5	-3.001030E-2	9.989740E-5	8.014600E+1	7.995200E+1	1.553010E+3
8.011900E+1	2.998920E-2	5.147460E-5	-3.001020E-2	9.982590E-5	8.009100E+1	7.995100E+1	1.556009E+3
8.006700E+1	2.998930E-2	4.799370E-5	-3.001000E-2	9.987350E-5	8.003800E+1	7.994600E+1	1.559013E+3
8.001300E+1	2.998990E-2	5.133150E-5	-3.001020E-2	9.982590E-5	7.998900E+1	7.997100E+1	1.562011E+3
7.996600E+1	2.998990E-2	5.123620E-5	-3.001020E-2	1.000640E-4	7.994200E+1	8.003100E+1	1.565010E+3
7.991600E+1	2.998970E-2	5.030630E-5	-3.000980E-2	1.019000E-4	7.989100E+1	8.005700E+1	1.568055E+3
7.987200E+1	2.999010E-2	5.204680E-5	-3.000990E-2	9.822850E-5	7.984700E+1	8.010100E+1	1.571009E+3
7.982600E+1	2.998980E-2	4.756450E-5	-3.001000E-2	1.025200E-4	7.980600E+1	8.010500E+1	1.574010E+3
7.978200E+1	2.998970E-2	4.804130E-5	-3.001020E-2	1.007320E-4	7.976300E+1	8.011500E+1	1.577013E+3
7.974700E+1	2.998990E-2	5.092620E-5	-3.001030E-2	1.013280E-4	7.972300E+1	8.012500E+1	1.580010E+3
7.970300E+1	2.998990E-2	4.973410E-5	-3.001060E-2	1.014950E-4	7.968400E+1	8.013100E+1	1.583009E+3
7.966500E+1	2.998990E-2	5.147460E-5	-3.001020E-2	1.026150E-4	7.964800E+1	8.013500E+1	1.586013E+3
7.962800E+1	2.999010E-2	5.071160E-5	-3.001020E-2	1.037360E-4	7.961000E+1	8.012300E+1	1.589010E+3
7.959500E+1	2.999010E-2	4.854200E-5	-3.001000E-2	1.045470E-4	7.957100E+1	8.013300E+1	1.592009E+3
7.955400E+1	2.999000E-2	5.142690E-5	-3.001050E-2	1.040460E-4	7.953400E+1	8.011700E+1	1.595014E+3
7.951800E+1	2.999000E-2	5.300050E-5	-3.001020E-2	1.008030E-4	7.949800E+1	8.011700E+1	1.598011E+3
7.947900E+1	2.999010E-2	5.006790E-5	-3.001010E-2	1.013040E-4	7.946300E+1	8.010600E+1	1.601041E+3
7.944500E+1	2.999010E-2	5.240440E-5	-3.001010E-2	1.018290E-4	7.942700E+1	8.010800E+1	1.604014E+3
7.941900E+1	2.998990E-2	5.211830E-5	-3.001000E-2	9.870530E-5	7.939400E+1	8.010000E+1	1.607011E+3
7.937900E+1	2.998990E-2	5.152230E-5	-3.000990E-2	9.825230E-5	7.935900E+1	8.005700E+1	1.610010E+3
7.934600E+1	2.998980E-2	4.856590E-5	-3.000980E-2	1.005410E-4	7.932200E+1	7.998500E+1	1.613013E+3
7.930600E+1	2.998980E-2	5.042550E-5	-3.000980E-2	9.984970E-5	7.928700E+1	7.991300E+1	1.616010E+3
7.927100E+1	2.998990E-2	4.880430E-5	-3.001010E-2	1.002310E-4	7.924800E+1	7.985200E+1	1.619009E+3
7.923100E+1	2.998960E-2	5.137920E-5	-3.001010E-2	1.019240E-4	7.921100E+1	7.981900E+1	1.622013E+3
7.919600E+1	2.998990E-2	4.971030E-5	-3.000990E-2	1.006600E-4	7.917400E+1	7.979100E+1	1.625010E+3
7.915800E+1	2.998980E-2	5.080700E-5	-3.001010E-2	9.999280E-5	7.913600E+1	7.972700E+1	1.628009E+3
7.911800E+1	2.998960E-2	5.164150E-5	-3.001010E-2	1.000880E-4	7.909900E+1	7.966700E+1	1.631012E+3
7.908300E+1	2.998990E-2	5.137920E-5	-3.001020E-2	1.005650E-4	7.906300E+1	7.962100E+1	1.634042E+3
7.904900E+1	2.998970E-2	5.054470E-5	-3.001030E-2	1.005410E-4	7.902700E+1	7.957800E+1	1.637011E+3
7.901100E+1	2.999000E-2	5.030630E-5	-3.001050E-2	1.003980E-4	7.899300E+1	7.954200E+1	1.640012E+3
7.897900E+1	2.999000E-2	5.085470E-5	-3.001020E-2	1.006600E-4	7.896000E+1	7.953600E+1	1.643009E+3
7.894300E+1	2.999010E-2	5.226140E-5	-3.001010E-2	1.014230E-4	7.892400E+1	7.956700E+1	1.646011E+3
7.890800E+1	2.999010E-2	5.021100E-5	-3.001000E-2	9.999280E-5	7.889000E+1	7.964800E+1	1.649014E+3
7.887200E+1	2.998990E-2	5.109310E-5	-3.001020E-2	1.007320E-4	7.885700E+1	7.976100E+1	1.652011E+3
7.884200E+1	2.998950E-2	4.885200E-5	-3.001060E-2	1.039740E-4	7.882500E+1	7.983900E+1	1.655010E+3
7.881400E+1	2.998950E-2	5.147460E-5	-3.001040E-2	1.018760E-4	7.880000E+1	7.991100E+1	1.658012E+3
7.878900E+1	2.998940E-2	5.304810E-5	-3.001050E-2	1.013990E-4	7.877600E+1	7.997900E+1	1.661011E+3
7.876800E+1	2.998960E-2	5.030630E-5	-3.001000E-2	9.746550E-5	7.875400E+1	8.001000E+1	1.664000E+3
7.874700E+1	2.998950E-2	5.240440E-5	-3.000990E-2	1.019720E-4	7.873300E+1	8.007800E+1	1.667055E+3
