The operator was: Kevin
The sample measure was: YBCO
The sample was biased using: 30E-3 Amps
Comments:
w'th magneic field

Tbefore	        I+	        V+	        I-	        V-	        Tafter	        Tbase	        Time
7.801200E+1	2.998950E-2	5.216600E-5	-3.000960E-2	1.072410E-4	7.801200E+1	8.066600E+1	2.799900E+1
7.804800E+1	2.998990E-2	5.228520E-5	-3.000950E-2	1.070740E-4	7.805200E+1	8.068200E+1	3.099900E+1
7.802300E+1	2.999000E-2	5.233290E-5	-3.000910E-2	1.042370E-4	7.804500E+1	8.068000E+1	3.399900E+1
7.803300E+1	2.998980E-2	5.626680E-5	-3.000960E-2	1.077410E-4	7.799400E+1	8.066900E+1	3.699800E+1
7.802600E+1	2.998960E-2	5.559920E-5	-3.001000E-2	1.057390E-4	7.806500E+1	8.068800E+1	4.007300E+1
7.806400E+1	2.998940E-2	5.474090E-5	-3.001000E-2	1.052860E-4	7.810400E+1	8.157000E+1	4.200000E+1
7.813500E+1	2.998960E-2	5.476470E-5	-3.001000E-2	1.052620E-4	7.815700E+1	8.205700E+1	4.499800E+1
7.809700E+1	2.998950E-2	5.462170E-5	-3.000970E-2	1.068120E-4	7.808700E+1	8.252100E+1	4.800000E+1
7.806800E+1	2.998940E-2	5.524160E-5	-3.000970E-2	1.017570E-4	7.811900E+1	8.293400E+1	5.099900E+1
7.813200E+1	2.998960E-2	5.280970E-5	-3.000980E-2	1.077180E-4	7.810200E+1	8.325400E+1	5.399900E+1
7.802200E+1	2.998950E-2	5.803110E-5	-3.000970E-2	1.058580E-4	7.797500E+1	8.353700E+1	5.699900E+1
7.793800E+1	2.998950E-2	5.469320E-5	-3.000930E-2	1.040460E-4	7.796900E+1	8.378500E+1	6.003800E+1
7.794500E+1	2.998970E-2	5.326270E-5	-3.000930E-2	1.054050E-4	7.787700E+1	8.401000E+1	6.299900E+1
7.789500E+1	2.998980E-2	5.483630E-5	-3.000920E-2	1.053570E-4	7.792600E+1	8.424000E+1	6.599800E+1
7.801300E+1	2.999000E-2	5.354880E-5	-3.000920E-2	1.063820E-4	7.803000E+1	8.446700E+1	6.899900E+1
7.798100E+1	2.998980E-2	5.712510E-5	-3.000950E-2	1.050950E-4	7.788400E+1	8.458500E+1	7.200000E+1
7.781000E+1	2.998980E-2	5.533700E-5	-3.000930E-2	1.055960E-4	7.785200E+1	8.472200E+1	7.499900E+1
7.790500E+1	2.998990E-2	5.517010E-5	-3.000970E-2	1.068120E-4	7.792400E+1	8.473600E+1	7.799900E+1
7.793700E+1	2.998970E-2	5.455020E-5	-3.000980E-2	1.062870E-4	7.793200E+1	8.461000E+1	8.100000E+1
7.790900E+1	2.998960E-2	5.567070E-5	-3.000990E-2	1.109840E-4	7.788800E+1	8.452900E+1	8.399900E+1
7.784800E+1	2.998960E-2	5.543230E-5	-3.000960E-2	1.095530E-4	7.784600E+1	8.450600E+1	8.700000E+1
7.784300E+1	2.998960E-2	5.657670E-5	-3.000970E-2	1.089330E-4	7.783200E+1	8.445500E+1	8.999900E+1
7.782800E+1	2.998940E-2	5.857940E-5	-3.000970E-2	1.050000E-4	7.781600E+1	8.434700E+1	9.303800E+1
7.782100E+1	2.998950E-2	5.800720E-5	-3.000960E-2	1.061440E-4	7.783600E+1	8.415500E+1	9.600000E+1
7.790400E+1	2.998970E-2	5.705360E-5	-3.000960E-2	1.034740E-4	7.795100E+1	8.358600E+1	9.899800E+1
7.797100E+1	2.998940E-2	5.292890E-5	-3.000960E-2	1.036170E-4	7.797400E+1	8.306700E+1	1.019990E+2
7.793500E+1	2.998980E-2	5.342960E-5	-3.000950E-2	1.032590E-4	7.786100E+1	8.282100E+1	1.049980E+2
7.780400E+1	2.998980E-2	5.691050E-5	-3.000950E-2	1.046180E-4	7.776000E+1	8.267400E+1	1.079980E+2
7.776700E+1	2.998970E-2	5.557540E-5	-3.000980E-2	1.033310E-4	7.784500E+1	8.257400E+1	1.110000E+2
7.784800E+1	2.998990E-2	5.266670E-5	-3.000960E-2	1.072880E-4	7.785100E+1	8.253300E+1	1.139990E+2
7.785000E+1	2.998980E-2	5.443100E-5	-3.000980E-2	1.065020E-4	7.784700E+1	8.253400E+1	1.170000E+2
7.784200E+1	2.998960E-2	5.497930E-5	-3.000990E-2	1.066680E-4	7.783500E+1	8.252200E+1	1.200000E+2
7.783500E+1	2.998990E-2	5.559920E-5	-3.000990E-2	1.068830E-4	7.783500E+1	8.249000E+1	1.230000E+2
7.783700E+1	2.998970E-2	5.359650E-5	-3.000940E-2	1.052140E-4	7.784300E+1	8.243600E+1	1.260400E+2
7.784700E+1	2.998980E-2	5.393030E-5	-3.000950E-2	1.025920E-4	7.785000E+1	8.237900E+1	1.290000E+2
7.785600E+1	2.998940E-2	5.357270E-5	-3.000940E-2	1.052860E-4	7.785500E+1	8.232300E+1	1.320000E+2
7.785200E+1	2.998960E-2	5.671980E-5	-3.000970E-2	1.068350E-4	7.785400E+1	8.228100E+1	1.350000E+2
7.785300E+1	2.998960E-2	5.357270E-5	-3.000940E-2	1.049280E-4	7.785400E+1	8.225200E+1	1.379990E+2
7.785400E+1	2.998970E-2	5.419250E-5	-3.000970E-2	1.054760E-4	7.785900E+1	8.223100E+1	1.409980E+2
7.787000E+1	2.998930E-2	5.450250E-5	-3.000980E-2	1.053570E-4	7.788700E+1	8.222300E+1	1.439990E+2
7.789300E+1	2.998950E-2	5.724430E-5	-3.000980E-2	1.057620E-4	7.790400E+1	8.223100E+1	1.469980E+2
7.790900E+1	2.998960E-2	5.259510E-5	-3.000990E-2	1.074310E-4	7.791700E+1	8.224500E+1	1.500000E+2
7.792400E+1	2.998970E-2	5.722050E-5	-3.000940E-2	1.089570E-4	7.793700E+1	8.226700E+1	1.529990E+2
7.794500E+1	2.998970E-2	5.764960E-5	-3.000940E-2	1.091000E-4	7.795600E+1	8.228800E+1	1.559990E+2
7.795200E+1	2.998980E-2	5.552770E-5	-3.000940E-2	1.047370E-4	7.795400E+1	8.230900E+1	1.590390E+2
7.794300E+1	2.998970E-2	5.736350E-5	-3.000940E-2	1.058340E-4	7.794700E+1	8.233000E+1	1.619990E+2
7.793800E+1	2.998990E-2	5.388260E-5	-3.000940E-2	1.074790E-4	7.793400E+1	8.234200E+1	1.649990E+2
7.793200E+1	2.998970E-2	5.588530E-5	-3.000960E-2	1.086710E-4	7.793700E+1	8.234800E+1	1.679990E+2
7.793400E+1	2.998960E-2	5.557540E-5	-3.000930E-2	1.031640E-4	7.794700E+1	8.235500E+1	1.709990E+2
7.795000E+1	2.999000E-2	5.528930E-5	-3.000930E-2	1.022580E-4	7.794600E+1	8.235700E+1	1.740000E+2
7.795000E+1	2.998980E-2	5.424020E-5	-3.000950E-2	1.044750E-4	7.794600E+1	8.236800E+1	1.770000E+2
7.795000E+1	2.998940E-2	5.443100E-5	-3.001000E-2	1.069550E-4	7.794500E+1	8.238000E+1	1.799980E+2
7.795100E+1	2.998970E-2	5.517010E-5	-3.000960E-2	1.027350E-4	7.794200E+1	8.240300E+1	1.829980E+2
7.793300E+1	2.998970E-2	5.352500E-5	-3.000950E-2	1.073840E-4	7.792500E+1	8.246800E+1	1.860000E+2
7.791600E+1	2.998970E-2	5.600450E-5	-3.000930E-2	1.037120E-4	7.791600E+1	8.252500E+1	1.881180E+2
7.790700E+1	2.998960E-2	5.657670E-5	-3.000950E-2	1.042130E-4	7.791000E+1	8.256400E+1	1.909990E+2
7.791700E+1	2.998940E-2	5.605220E-5	-3.000960E-2	1.031880E-4	7.791900E+1	8.253700E+1	1.939980E+2
7.792300E+1	2.998960E-2	5.469320E-5	-3.000980E-2	1.084330E-4	7.792100E+1	8.246700E+1	1.969990E+2
7.793400E+1	2.998960E-2	5.931850E-5	-3.000940E-2	1.042840E-4	7.793700E+1	8.241800E+1	1.999990E+2
7.793600E+1	2.999010E-2	5.366800E-5	-3.000950E-2	1.058580E-4	7.793400E+1	8.239400E+1	2.029980E+2
7.792600E+1	2.998990E-2	5.908010E-5	-3.000960E-2	1.094340E-4	7.805000E+1	8.237100E+1	2.059990E+2
7.820700E+1	2.998950E-2	5.450250E-5	-3.000960E-2	1.022580E-4	7.829300E+1	8.244200E+1	2.090400E+2
7.826400E+1	2.998960E-2	5.435940E-5	-3.000970E-2	1.042840E-4	7.825500E+1	8.257100E+1	2.119990E+2
7.825700E+1	2.998970E-2	5.412100E-5	-3.000980E-2	1.063590E-4	7.822900E+1	8.275300E+1	2.150000E+2
7.821600E+1	2.998990E-2	5.817410E-5	-3.000960E-2	1.068120E-4	7.822600E+1	8.299100E+1	2.179990E+2
7.825400E+1	2.999010E-2	5.559920E-5	-3.000940E-2	1.029730E-4	7.821700E+1	8.317900E+1	2.209990E+2
7.823300E+1	2.999000E-2	5.426410E-5	-3.000960E-2	1.070740E-4	7.819500E+1	8.337200E+1	2.240000E+2
7.826900E+1	2.998990E-2	5.784030E-5	-3.000950E-2	1.065730E-4	7.825800E+1	8.354100E+1	2.270000E+2
7.821400E+1	2.999010E-2	5.378720E-5	-3.000940E-2	1.054760E-4	7.824600E+1	8.371900E+1	2.299990E+2
7.820700E+1	2.998970E-2	5.855560E-5	-3.000910E-2	1.074550E-4	7.823000E+1	8.388400E+1	2.330000E+2
7.821400E+1	2.998970E-2	5.569460E-5	-3.000930E-2	1.086710E-4	7.819600E+1	8.404000E+1	2.360000E+2
7.820400E+1	2.998990E-2	5.655290E-5	-3.000950E-2	1.091000E-4	7.821600E+1	8.422400E+1	2.389990E+2
7.827500E+1	2.998970E-2	5.750660E-5	-3.000920E-2	1.087900E-4	7.819000E+1	8.445900E+1	2.420410E+2
7.821700E+1	2.999010E-2	5.562310E-5	-3.000910E-2	1.041170E-4	7.824300E+1	8.470900E+1	2.449990E+2
7.817600E+1	2.998930E-2	5.574230E-5	-3.000890E-2	1.058580E-4	7.817000E+1	8.498700E+1	2.479990E+2
7.817700E+1	2.999030E-2	5.366800E-5	-3.000890E-2	1.049520E-4	7.824500E+1	8.526300E+1	2.509990E+2
7.818200E+1	2.999010E-2	5.502700E-5	-3.000890E-2	1.037120E-4	7.812700E+1	8.547000E+1	2.539990E+2
7.817900E+1	2.999010E-2	5.209450E-5	-3.000930E-2	1.086710E-4	7.819800E+1	8.571800E+1	2.569980E+2
7.810100E+1	2.998980E-2	5.900860E-5	-3.000960E-2	1.111750E-4	7.809700E+1	8.603700E+1	2.600000E+2
7.807400E+1	2.998970E-2	6.380080E-5	-3.000960E-2	1.102450E-4	7.806400E+1	8.642500E+1	2.630000E+2
7.804500E+1	2.998950E-2	6.089210E-5	-3.000970E-2	1.099110E-4	7.813500E+1	8.684100E+1	2.659990E+2
7.806700E+1	2.998970E-2	6.008150E-5	-3.001020E-2	1.123430E-4	7.804000E+1	8.725900E+1	2.689990E+2
7.822600E+1	2.998970E-2	5.888940E-5	-3.000980E-2	1.072170E-4	7.819000E+1	8.766900E+1	2.719990E+2
7.810900E+1	2.998970E-2	5.962850E-5	-3.000970E-2	1.098870E-4	7.809300E+1	8.809000E+1	2.750520E+2
7.805100E+1	2.999010E-2	6.194120E-5	-3.001000E-2	1.116990E-4	7.821700E+1	8.854300E+1	2.780000E+2
7.825900E+1	2.998990E-2	6.101130E-5	-3.000960E-2	1.095530E-4	7.814600E+1	8.902000E+1	2.810000E+2
7.811000E+1	2.998990E-2	6.129740E-5	-3.000970E-2	1.134630E-4	7.822600E+1	8.950100E+1	2.839990E+2
7.819900E+1	2.998990E-2	6.198880E-5	-3.000930E-2	1.114130E-4	7.811400E+1	8.998700E+1	2.870000E+2
7.818500E+1	2.999010E-2	6.256100E-5	-3.000920E-2	1.164440E-4	7.818300E+1	9.046600E+1	2.899990E+2
7.816300E+1	2.998980E-2	6.222720E-5	-3.000930E-2	1.179930E-4	7.815100E+1	9.095000E+1	2.929990E+2
7.813300E+1	2.999000E-2	6.728170E-5	-3.000950E-2	1.154660E-4	7.812600E+1	9.143400E+1	2.959980E+2
7.815800E+1	2.999000E-2	6.771090E-5	-3.000950E-2	1.185660E-4	7.815300E+1	9.190800E+1	2.990000E+2
7.813900E+1	2.998990E-2	6.849770E-5	-3.000960E-2	1.159670E-4	7.821700E+1	9.238500E+1	3.019990E+2
7.819400E+1	2.998970E-2	7.007120E-5	-3.000960E-2	1.174210E-4	7.816600E+1	9.285500E+1	3.050000E+2
7.819200E+1	2.998970E-2	6.928440E-5	-3.000940E-2	1.190420E-4	7.815800E+1	9.333100E+1	3.080400E+2
7.812500E+1	2.998990E-2	6.778240E-5	-3.000960E-2	1.201630E-4	7.822600E+1	9.378700E+1	3.109990E+2
7.823400E+1	2.998970E-2	7.324220E-5	-3.000950E-2	1.210450E-4	7.817300E+1	9.424600E+1	3.139990E+2
7.813500E+1	2.998950E-2	7.183550E-5	-3.000960E-2	1.228330E-4	7.821500E+1	9.470300E+1	3.169980E+2
7.823200E+1	2.998980E-2	7.369520E-5	-3.000940E-2	1.264330E-4	7.816200E+1	9.515300E+1	3.200000E+2
7.821900E+1	2.999020E-2	7.696150E-5	-3.000930E-2	1.267670E-4	7.820900E+1	9.560300E+1	3.229980E+2
7.816500E+1	2.999040E-2	7.743840E-5	-3.000960E-2	1.291280E-4	7.818700E+1	9.605100E+1	3.259980E+2
7.820200E+1	2.999010E-2	7.710460E-5	-3.000930E-2	1.278400E-4	7.819600E+1	9.649800E+1	3.289990E+2
7.817300E+1	2.998980E-2	7.710460E-5	-3.000950E-2	1.310350E-4	7.824700E+1	9.694400E+1	3.319990E+2
7.824100E+1	2.998970E-2	7.703300E-5	-3.000940E-2	1.307730E-4	7.818600E+1	9.738500E+1	3.349990E+2
7.821300E+1	2.998990E-2	8.146760E-5	-3.000970E-2	1.319170E-4	7.814900E+1	9.781900E+1	3.379990E+2
7.815500E+1	2.999000E-2	8.208750E-5	-3.000940E-2	1.322750E-4	7.834000E+1	9.826100E+1	3.410410E+2
7.835000E+1	2.998930E-2	8.680820E-5	-3.000970E-2	1.361370E-4	7.836000E+1	9.868500E+1	3.439990E+2
7.835100E+1	2.998970E-2	8.361340E-5	-3.000960E-2	1.305580E-4	7.846900E+1	9.911400E+1	3.470000E+2
7.855300E+1	2.998990E-2	7.483960E-5	-3.000960E-2	1.268630E-4	7.871000E+1	9.954600E+1	3.499980E+2
7.893600E+1	2.998990E-2	7.812980E-5	-3.000970E-2	1.290800E-4	7.918900E+1	9.996600E+1	3.530000E+2
7.935400E+1	2.998950E-2	8.208750E-5	-3.000960E-2	1.305580E-4	7.949500E+1	1.003890E+2	3.560000E+2
7.962000E+1	2.998960E-2	8.316040E-5	-3.000980E-2	1.323940E-4	7.974700E+1	1.008080E+2	3.589980E+2
7.985800E+1	2.998940E-2	8.013250E-5	-3.001000E-2	1.258610E-4	7.997300E+1	1.012290E+2	3.619980E+2
8.006800E+1	2.998980E-2	7.805820E-5	-3.000990E-2	1.282220E-4	8.017000E+1	1.016440E+2	3.649990E+2
8.026300E+1	2.998930E-2	7.801060E-5	-3.000970E-2	1.262660E-4	8.035400E+1	1.020550E+2	3.680000E+2
8.044000E+1	2.998970E-2	7.500650E-5	-3.000970E-2	1.283880E-4	8.053200E+1	1.024700E+2	3.709980E+2
8.061000E+1	2.998980E-2	7.634160E-5	-3.000930E-2	1.278400E-4	8.070000E+1	1.028890E+2	3.740540E+2
8.077500E+1	2.998980E-2	7.433890E-5	-3.000950E-2	1.274820E-4	8.086000E+1	1.032860E+2	3.769990E+2
8.093300E+1	2.998990E-2	7.433890E-5	-3.000930E-2	1.262660E-4	8.101400E+1	1.036910E+2	3.800000E+2
8.108200E+1	2.998950E-2	7.870200E-5	-3.000940E-2	1.294850E-4	8.116700E+1	1.040880E+2	3.830000E+2
8.123200E+1	2.998990E-2	7.946490E-5	-3.000950E-2	1.269580E-4	8.131000E+1	1.044310E+2	3.860000E+2
8.137700E+1	2.998990E-2	7.753370E-5	-3.000920E-2	1.272440E-4	8.145300E+1	1.047160E+2	3.889990E+2
8.151400E+1	2.998960E-2	8.070470E-5	-3.000930E-2	1.311300E-4	8.158400E+1	1.049300E+2	3.919990E+2
8.164500E+1	2.999000E-2	7.989410E-5	-3.000950E-2	1.291280E-4	8.171300E+1	1.050880E+2	3.949990E+2
8.177300E+1	2.998990E-2	7.994180E-5	-3.000940E-2	1.316550E-4	8.185000E+1	1.051930E+2	3.979990E+2
8.191200E+1	2.999020E-2	7.989410E-5	-3.000960E-2	1.336810E-4	8.197700E+1	1.052570E+2	4.009990E+2
8.203200E+1	2.998990E-2	8.091930E-5	-3.000970E-2	1.328230E-4	8.209300E+1	1.052960E+2	4.040000E+2
8.215100E+1	2.999000E-2	7.536410E-5	-3.000940E-2	1.274590E-4	8.221500E+1	1.053160E+2	4.070400E+2
8.226400E+1	2.998990E-2	8.258820E-5	-3.000930E-2	1.369000E-4	8.231600E+1	1.053190E+2	4.099980E+2
8.236500E+1	2.999030E-2	8.394720E-5	-3.000960E-2	1.361850E-4	8.242100E+1	1.053110E+2	4.129990E+2
8.247100E+1	2.999010E-2	8.337500E-5	-3.000970E-2	1.359220E-4	8.252100E+1	1.052900E+2	4.160000E+2
8.256500E+1	2.999000E-2	8.385180E-5	-3.000960E-2	1.325610E-4	8.261500E+1	1.052690E+2	4.189990E+2
8.266100E+1	2.998970E-2	8.361340E-5	-3.000940E-2	1.358990E-4	8.271300E+1	1.052450E+2	4.219990E+2
8.275100E+1	2.998950E-2	8.852480E-5	-3.000970E-2	1.340630E-4	8.279400E+1	1.052180E+2	4.249990E+2
8.283600E+1	2.998920E-2	8.604530E-5	-3.000950E-2	1.360180E-4	8.287400E+1	1.051920E+2	4.279990E+2
8.291300E+1	2.998980E-2	8.578300E-5	-3.000930E-2	1.350400E-4	8.295500E+1	1.051740E+2	4.309980E+2
8.298600E+1	2.998980E-2	8.299350E-5	-3.000940E-2	1.396180E-4	8.302800E+1	1.051590E+2	4.339990E+2
8.306700E+1	2.998940E-2	8.630750E-5	-3.000950E-2	1.362560E-4	8.310600E+1	1.051520E+2	4.369980E+2
8.313300E+1	2.998950E-2	8.718970E-5	-3.000950E-2	1.359220E-4	8.317100E+1	1.051590E+2	4.400410E+2
8.320000E+1	2.998980E-2	8.337500E-5	-3.000960E-2	1.375910E-4	8.323100E+1	1.051720E+2	4.429990E+2
8.326600E+1	2.998980E-2	8.537770E-5	-3.000990E-2	1.354930E-4	8.330900E+1	1.051720E+2	4.459990E+2
8.333500E+1	2.998960E-2	8.449550E-5	-3.000970E-2	1.364470E-4	8.336000E+1	1.051710E+2	4.489990E+2
8.338900E+1	2.998960E-2	8.447170E-5	-3.000970E-2	1.384260E-4	8.341200E+1	1.051850E+2	4.519980E+2
8.343500E+1	2.998960E-2	8.325580E-5	-3.000970E-2	1.354220E-4	8.345800E+1	1.052060E+2	4.550000E+2
8.348400E+1	2.998960E-2	8.523460E-5	-3.000980E-2	1.357560E-4	8.350900E+1	1.052310E+2	4.579980E+2
8.353200E+1	2.998950E-2	8.499620E-5	-3.000960E-2	1.369240E-4	8.355800E+1	1.052560E+2	4.609980E+2
8.357500E+1	2.998940E-2	8.628370E-5	-3.000960E-2	1.373770E-4	8.360100E+1	1.052750E+2	4.639980E+2
8.361800E+1	2.998900E-2	8.869170E-5	-3.000990E-2	1.348730E-4	8.363900E+1	1.053050E+2	4.670000E+2
8.365900E+1	2.998920E-2	8.764270E-5	-3.000980E-2	1.347300E-4	8.367400E+1	1.053360E+2	4.699990E+2
8.369400E+1	2.998930E-2	8.792880E-5	-3.000950E-2	1.369000E-4	8.371300E+1	1.053580E+2	4.730540E+2
8.372500E+1	2.998950E-2	8.606910E-5	-3.000990E-2	1.354690E-4	8.374500E+1	1.053940E+2	4.760000E+2
8.376900E+1	2.998970E-2	8.475780E-5	-3.000960E-2	1.360890E-4	8.378800E+1	1.054130E+2	4.789990E+2
8.380500E+1	2.998980E-2	8.676050E-5	-3.000930E-2	1.379970E-4	8.382400E+1	1.054380E+2	4.819990E+2
8.383500E+1	2.998960E-2	8.807180E-5	-3.000920E-2	1.363280E-4	8.385200E+1	1.054600E+2	4.849990E+2
8.386200E+1	2.998980E-2	8.821490E-5	-3.000920E-2	1.365900E-4	8.388300E+1	1.054840E+2	4.880000E+2
8.389900E+1	2.999000E-2	8.363720E-5	-3.000950E-2	1.406190E-4	8.392200E+1	1.055090E+2	4.909990E+2
8.393000E+1	2.998960E-2	8.833410E-5	-3.000970E-2	1.369000E-4	8.394500E+1	1.055330E+2	4.940000E+2
8.395600E+1	2.998940E-2	8.625980E-5	-3.000970E-2	1.356840E-4	8.397300E+1	1.055600E+2	4.970000E+2
8.397900E+1	2.998960E-2	8.645060E-5	-3.000970E-2	1.385690E-4	8.399800E+1	1.055960E+2	4.999990E+2
8.401200E+1	2.998980E-2	8.401870E-5	-3.000980E-2	1.361850E-4	8.402200E+1	1.056260E+2	5.029980E+2
8.404000E+1	2.998990E-2	8.654590E-5	-3.000920E-2	1.375440E-4	8.405000E+1	1.056640E+2	5.060410E+2
8.406300E+1	2.998970E-2	8.513930E-5	-3.000960E-2	1.359700E-4	8.407500E+1	1.056960E+2	5.089990E+2
8.408500E+1	2.998980E-2	8.440020E-5	-3.000970E-2	1.367090E-4	8.409600E+1	1.057290E+2	5.119990E+2
8.410700E+1	2.998940E-2	8.583070E-5	-3.000970E-2	1.370430E-4	8.412200E+1	1.057620E+2	5.149990E+2
8.413100E+1	2.998980E-2	8.382800E-5	-3.000950E-2	1.354460E-4	8.414300E+1	1.057930E+2	5.179990E+2
8.414800E+1	2.998990E-2	8.575920E-5	-3.000950E-2	1.356600E-4	8.416400E+1	1.058280E+2	5.209990E+2
8.417300E+1	2.998980E-2	8.494850E-5	-3.001010E-2	1.387120E-4	8.418300E+1	1.058600E+2	5.240000E+2
8.419500E+1	2.998980E-2	8.628370E-5	-3.000990E-2	1.405950E-4	8.420900E+1	1.058950E+2	5.270000E+2
8.421700E+1	2.998980E-2	8.564000E-5	-3.000980E-2	1.343250E-4	8.423100E+1	1.059270E+2	5.299980E+2
8.424200E+1	2.998960E-2	8.552070E-5	-3.001000E-2	1.357560E-4	8.424800E+1	1.059640E+2	5.330000E+2
8.426000E+1	2.998980E-2	8.685590E-5	-3.000980E-2	1.381640E-4	8.427100E+1	1.060040E+2	5.359990E+2
8.427800E+1	2.998980E-2	8.711810E-5	-3.000960E-2	1.358750E-4	8.429000E+1	1.060420E+2	5.390430E+2
8.430100E+1	2.998980E-2	8.583070E-5	-3.000960E-2	1.390460E-4	8.430800E+1	1.060830E+2	5.419990E+2
8.432200E+1	2.998970E-2	8.540150E-5	-3.000960E-2	1.330610E-4	8.433500E+1	1.061210E+2	5.449990E+2
8.434200E+1	2.998970E-2	8.585450E-5	-3.000950E-2	1.354690E-4	8.435100E+1	1.061520E+2	5.479990E+2
8.436100E+1	2.999000E-2	8.513930E-5	-3.000940E-2	1.364950E-4	8.436900E+1	1.061910E+2	5.509990E+2
8.438000E+1	2.998990E-2	8.652210E-5	-3.000940E-2	1.378770E-4	8.438700E+1	1.062250E+2	5.539990E+2
8.439600E+1	2.998970E-2	8.575920E-5	-3.001000E-2	1.368760E-4	8.440300E+1	1.062670E+2	5.569990E+2
8.441600E+1	2.998950E-2	8.420940E-5	-3.001020E-2	1.369950E-4	8.443100E+1	1.063020E+2	5.599980E+2
8.444100E+1	2.998920E-2	8.482930E-5	-3.001000E-2	1.343250E-4	8.444700E+1	1.063330E+2	5.630000E+2
8.445700E+1	2.998970E-2	8.430480E-5	-3.001020E-2	1.381870E-4	8.446500E+1	1.063720E+2	5.659980E+2
8.447300E+1	2.998960E-2	8.575920E-5	-3.000980E-2	1.357560E-4	8.448400E+1	1.064130E+2	5.689980E+2
8.449000E+1	2.998990E-2	8.642670E-5	-3.000970E-2	1.353980E-4	8.450300E+1	1.064550E+2	5.720550E+2
8.451100E+1	2.999010E-2	8.218290E-5	-3.000970E-2	1.341820E-4	8.451600E+1	1.064990E+2	5.749990E+2
8.452700E+1	2.999000E-2	8.497240E-5	-3.000970E-2	1.350160E-4	8.453500E+1	1.065470E+2	5.779990E+2
8.454400E+1	2.998970E-2	8.392330E-5	-3.000970E-2	1.341580E-4	8.455300E+1	1.065850E+2	5.809990E+2
8.456200E+1	2.998980E-2	8.008480E-5	-3.000990E-2	1.352310E-4	8.457000E+1	1.066310E+2	5.839990E+2
8.457900E+1	2.999000E-2	8.280280E-5	-3.001010E-2	1.349450E-4	8.459100E+1	1.066730E+2	5.869990E+2
8.460100E+1	2.999000E-2	8.687970E-5	-3.000960E-2	1.352310E-4	8.461200E+1	1.067140E+2	5.899980E+2
8.461900E+1	2.998980E-2	8.399490E-5	-3.000990E-2	1.340870E-4	8.462600E+1	1.067550E+2	5.930000E+2
8.463700E+1	2.999010E-2	8.502010E-5	-3.000980E-2	1.359220E-4	8.464800E+1	1.067940E+2	5.960000E+2
8.465600E+1	2.998960E-2	8.318420E-5	-3.000990E-2	1.382110E-4	8.466300E+1	1.068460E+2	5.989990E+2
8.468000E+1	2.998960E-2	8.094310E-5	-3.001010E-2	1.355890E-4	8.469000E+1	1.068890E+2	6.020000E+2
8.469700E+1	2.998980E-2	8.192060E-5	-3.000970E-2	1.346590E-4	8.471100E+1	1.069340E+2	6.050410E+2
8.472100E+1	2.998990E-2	8.523460E-5	-3.000980E-2	1.382350E-4	8.473100E+1	1.069790E+2	6.079990E+2
8.474200E+1	2.998980E-2	8.234980E-5	-3.000980E-2	1.350160E-4	8.475100E+1	1.070220E+2	6.109980E+2
8.476400E+1	2.998960E-2	8.211140E-5	-3.001020E-2	1.331090E-4	8.478300E+1	1.070740E+2	6.140000E+2
8.479800E+1	2.998990E-2	8.435250E-5	-3.001020E-2	1.397610E-4	8.480900E+1	1.071120E+2	6.170000E+2
8.481900E+1	2.998990E-2	8.630750E-5	-3.001020E-2	1.381160E-4	8.483500E+1	1.071470E+2	6.199980E+2
8.485000E+1	2.998960E-2	8.635520E-5	-3.001060E-2	1.339200E-4	8.486700E+1	1.071890E+2	6.229980E+2
8.487400E+1	2.998980E-2	8.692740E-5	-3.001060E-2	1.358990E-4	8.488800E+1	1.072160E+2	6.260000E+2
8.490300E+1	2.998930E-2	8.454320E-5	-3.001040E-2	1.361130E-4	8.492000E+1	1.072550E+2	6.290000E+2
8.493500E+1	2.998920E-2	8.566380E-5	-3.001050E-2	1.361370E-4	8.494700E+1	1.072990E+2	6.320000E+2
8.496100E+1	2.998940E-2	8.356570E-5	-3.001040E-2	1.348970E-4	8.497100E+1	1.073400E+2	6.350000E+2
8.498000E+1	2.998950E-2	8.289810E-5	-3.001000E-2	1.343010E-4	8.499900E+1	1.073840E+2	6.380410E+2
8.501200E+1	2.998960E-2	8.370880E-5	-3.001010E-2	1.328230E-4	8.502100E+1	1.074150E+2	6.409990E+2
8.503700E+1	2.998980E-2	8.027550E-5	-3.001000E-2	1.321320E-4	8.505400E+1	1.074560E+2	6.439980E+2
8.506500E+1	2.998970E-2	8.296970E-5	-3.001020E-2	1.318690E-4	8.508100E+1	1.075020E+2	6.469990E+2
8.509300E+1	2.998940E-2	8.423330E-5	-3.001020E-2	1.325850E-4	8.510800E+1	1.075500E+2	6.499990E+2
8.512900E+1	2.998960E-2	7.922650E-5	-3.000990E-2	1.308680E-4	8.515100E+1	1.075930E+2	6.529990E+2
8.517100E+1	2.998940E-2	8.187290E-5	-3.001010E-2	1.362320E-4	8.519300E+1	1.076240E+2	6.559990E+2
8.521500E+1	2.998960E-2	8.447170E-5	-3.001030E-2	1.380210E-4	8.523100E+1	1.076700E+2	6.589990E+2
8.525300E+1	2.998960E-2	8.265970E-5	-3.001030E-2	1.362090E-4	8.528100E+1	1.077150E+2	6.620000E+2
8.530700E+1	2.998970E-2	8.475780E-5	-3.001010E-2	1.342300E-4	8.533500E+1	1.077570E+2	6.650000E+2
8.536200E+1	2.999000E-2	8.244510E-5	-3.000980E-2	1.359700E-4	8.538800E+1	1.078030E+2	6.680000E+2
8.542000E+1	2.998980E-2	8.320810E-5	-3.000980E-2	1.351360E-4	8.545300E+1	1.078610E+2	6.710560E+2
8.548400E+1	2.999000E-2	8.611680E-5	-3.000990E-2	1.380440E-4	8.552200E+1	1.079080E+2	6.739990E+2
8.555900E+1	2.998970E-2	8.523460E-5	-3.001010E-2	1.348500E-4	8.559700E+1	1.079550E+2	6.769990E+2
8.563300E+1	2.998960E-2	8.289810E-5	-3.000980E-2	1.341580E-4	8.568300E+1	1.080090E+2	6.799990E+2
8.572800E+1	2.998970E-2	8.263590E-5	-3.001000E-2	1.369710E-4	8.577500E+1	1.080440E+2	6.830000E+2
8.581900E+1	2.998960E-2	8.380410E-5	-3.001000E-2	1.364230E-4	8.586700E+1	1.080810E+2	6.859990E+2
8.591400E+1	2.998960E-2	8.502010E-5	-3.001010E-2	1.372810E-4	8.596700E+1	1.081290E+2	6.889980E+2
8.602400E+1	2.998980E-2	8.137230E-5	-3.001010E-2	1.358510E-4	8.608000E+1	1.081660E+2	6.919990E+2
8.613300E+1	2.998960E-2	8.544920E-5	-3.001050E-2	1.371620E-4	8.619400E+1	1.082060E+2	6.950000E+2
8.625400E+1	2.998940E-2	8.721350E-5	-3.001010E-2	1.374960E-4	8.632000E+1	1.082530E+2	6.979980E+2
8.637800E+1	2.998960E-2	8.864400E-5	-3.001020E-2	1.373530E-4	8.644500E+1	1.083020E+2	7.009990E+2
8.651600E+1	2.998980E-2	8.590220E-5	-3.000980E-2	1.374240E-4	8.659500E+1	1.083530E+2	7.040420E+2
8.666700E+1	2.999000E-2	8.602140E-5	-3.001010E-2	1.356840E-4	8.674900E+1	1.084060E+2	7.070000E+2
8.682800E+1	2.998980E-2	8.642670E-5	-3.000950E-2	1.383780E-4	8.692300E+1	1.084650E+2	7.100000E+2
8.701000E+1	2.998980E-2	8.537770E-5	-3.001010E-2	1.358510E-4	8.710600E+1	1.085200E+2	7.129990E+2
8.719700E+1	2.999010E-2	8.683200E-5	-3.000990E-2	1.361850E-4	8.730000E+1	1.085830E+2	7.160000E+2
8.740000E+1	2.998990E-2	8.769040E-5	-3.000970E-2	1.366850E-4	8.750700E+1	1.086440E+2	7.190000E+2
8.761000E+1	2.998960E-2	9.014610E-5	-3.000990E-2	1.363990E-4	8.772100E+1	1.087000E+2	7.219990E+2
8.782700E+1	2.998980E-2	9.212490E-5	-3.000970E-2	1.362320E-4	8.794400E+1	1.087640E+2	7.249990E+2
8.804800E+1	2.998990E-2	9.310250E-5	-3.000990E-2	1.355650E-4	8.816700E+1	1.088330E+2	7.279990E+2
8.827800E+1	2.999000E-2	9.493830E-5	-3.000960E-2	1.318220E-4	8.839600E+1	1.088970E+2	7.310000E+2
8.850700E+1	2.998910E-2	9.105210E-5	-3.001010E-2	1.321790E-4	8.862500E+1	1.089640E+2	7.339990E+2
8.874000E+1	2.998980E-2	9.014610E-5	-3.000990E-2	1.281740E-4	8.886300E+1	1.090280E+2	7.370430E+2
8.896900E+1	2.999020E-2	8.656980E-5	-3.000980E-2	1.254560E-4	8.909200E+1	1.091010E+2	7.399990E+2
8.919900E+1	2.998990E-2	8.869170E-5	-3.000980E-2	1.239060E-4	8.932200E+1	1.091590E+2	7.429980E+2
8.942900E+1	2.998990E-2	8.907320E-5	-3.000980E-2	1.195910E-4	8.955400E+1	1.092250E+2	7.459990E+2
8.967000E+1	2.999010E-2	8.583070E-5	-3.000980E-2	1.167770E-4	8.978700E+1	1.092850E+2	7.489990E+2
8.989700E+1	2.999020E-2	8.647440E-5	-3.001030E-2	1.181840E-4	9.002000E+1	1.093430E+2	7.519990E+2
9.013300E+1	2.998990E-2	8.866790E-5	-3.001040E-2	1.172070E-4	9.025100E+1	1.094000E+2	7.550000E+2
9.036300E+1	2.998970E-2	8.780960E-5	-3.001020E-2	1.135110E-4	9.048300E+1	1.094570E+2	7.579990E+2
9.059300E+1	2.998970E-2	8.664130E-5	-3.001010E-2	1.128670E-4	9.071600E+1	1.095120E+2	7.609990E+2
9.082800E+1	2.998990E-2	9.062290E-5	-3.001020E-2	1.115320E-4	9.094600E+1	1.095590E+2	7.639990E+2
9.105100E+1	2.999000E-2	8.735660E-5	-3.000980E-2	1.086950E-4	9.117200E+1	1.096080E+2	7.669980E+2
9.127900E+1	2.998990E-2	8.981230E-5	-3.000970E-2	1.082900E-4	9.140000E+1	1.096550E+2	7.700570E+2
9.149800E+1	2.998990E-2	8.749960E-5	-3.001000E-2	1.089100E-4	9.161700E+1	1.097020E+2	7.730000E+2
9.172500E+1	2.998970E-2	8.885860E-5	-3.001000E-2	1.058580E-4	9.183700E+1	1.097580E+2	7.759990E+2
9.193900E+1	2.998960E-2	8.723740E-5	-3.001000E-2	1.022340E-4	9.205000E+1	1.098170E+2	7.789990E+2
9.215200E+1	2.998920E-2	8.769040E-5	-3.001020E-2	1.018520E-4	9.226400E+1	1.098720E+2	7.819990E+2
9.236000E+1	2.998950E-2	8.909700E-5	-3.001040E-2	1.009460E-4	9.247200E+1	1.099340E+2	7.850000E+2
9.257100E+1	2.998950E-2	9.446140E-5	-3.001070E-2	9.324550E-5	9.267900E+1	1.099980E+2	7.879990E+2
9.277500E+1	2.998950E-2	1.005170E-4	-3.001020E-2	8.771420E-5	9.289200E+1	1.100570E+2	7.910000E+2
9.299300E+1	2.998940E-2	1.094100E-4	-3.001010E-2	7.753370E-5	9.310600E+1	1.100020E+2	7.939990E+2
9.320000E+1	2.998970E-2	1.191380E-4	-3.000990E-2	7.054810E-5	9.330000E+1	1.099810E+2	7.969990E+2
9.339200E+1	2.998930E-2	1.347060E-4	-3.001000E-2	5.502700E-5	9.349500E+1	1.099970E+2	7.999990E+2
9.358900E+1	2.998950E-2	1.473670E-4	-3.000990E-2	3.552440E-5	9.369000E+1	1.100290E+2	8.030440E+2
9.377900E+1	2.998980E-2	1.564740E-4	-3.001010E-2	2.064700E-5	9.388100E+1	1.100740E+2	8.060000E+2
9.396800E+1	2.998970E-2	1.704220E-4	-3.001010E-2	6.866460E-6	9.406800E+1	1.101200E+2	8.090000E+2
9.415800E+1	2.998950E-2	1.816990E-4	-3.000990E-2	-3.075600E-6	9.425600E+1	1.101740E+2	8.120000E+2
9.434000E+1	2.998970E-2	1.888990E-4	-3.001010E-2	-1.261230E-5	9.444000E+1	1.102360E+2	8.149990E+2
9.452700E+1	2.998930E-2	1.945730E-4	-3.000990E-2	-1.780990E-5	9.461900E+1	1.103000E+2	8.179990E+2
9.470400E+1	2.998940E-2	1.997230E-4	-3.001010E-2	-2.019410E-5	9.480100E+1	1.103590E+2	8.209980E+2
9.488300E+1	2.998970E-2	2.012730E-4	-3.001040E-2	-2.379420E-5	9.497900E+1	1.104240E+2	8.240000E+2
9.506200E+1	2.998960E-2	2.022740E-4	-3.000990E-2	-2.665520E-5	9.515200E+1	1.104910E+2	8.270000E+2
9.523300E+1	2.998960E-2	2.040390E-4	-3.000960E-2	-2.596380E-5	9.532800E+1	1.105530E+2	8.299990E+2
9.541200E+1	2.998970E-2	2.087120E-4	-3.000970E-2	-2.741810E-5	9.550800E+1	1.106080E+2	8.329990E+2
9.558700E+1	2.998960E-2	2.097370E-4	-3.001000E-2	-3.163810E-5	9.568100E+1	1.106610E+2	8.360440E+2
9.575700E+1	2.998950E-2	2.110240E-4	-3.000990E-2	-2.834800E-5	9.584900E+1	1.107140E+2	8.390000E+2
9.593100E+1	2.998980E-2	2.102380E-4	-3.001000E-2	-3.149510E-5	9.602200E+1	1.107690E+2	8.419990E+2
9.610200E+1	2.999010E-2	2.136470E-4	-3.000980E-2	-3.385540E-5	9.619200E+1	1.108220E+2	8.449990E+2
9.626900E+1	2.998980E-2	2.118110E-4	-3.001010E-2	-3.328320E-5	9.636000E+1	1.108820E+2	8.479990E+2
9.644300E+1	2.999010E-2	2.123360E-4	-3.001000E-2	-3.438000E-5	9.652800E+1	1.109470E+2	8.509980E+2
9.660700E+1	2.999020E-2	2.128360E-4	-3.001000E-2	-3.299710E-5	9.669700E+1	1.110080E+2	8.540000E+2
9.678000E+1	2.998980E-2	2.168420E-4	-3.000960E-2	-3.764630E-5	9.687000E+1	1.110720E+2	8.569990E+2
9.694300E+1	2.999040E-2	2.167700E-4	-3.000930E-2	-4.000660E-5	9.703400E+1	1.111400E+2	8.599990E+2
9.711800E+1	2.998990E-2	2.160550E-4	-3.000990E-2	-3.700260E-5	9.720300E+1	1.112010E+2	8.629990E+2
9.728500E+1	2.998990E-2	2.147910E-4	-3.000970E-2	-3.976820E-5	9.736900E+1	1.112580E+2	8.659980E+2
9.744700E+1	2.998960E-2	2.170320E-4	-3.000980E-2	-3.836160E-5	9.753600E+1	1.113240E+2	8.690570E+2
9.760900E+1	2.998980E-2	2.155300E-4	-3.001010E-2	-4.153250E-5	9.769500E+1	1.113880E+2	8.719990E+2
9.777200E+1	2.998990E-2	2.172710E-4	-3.001000E-2	-4.210470E-5	9.786300E+1	1.114490E+2	8.749980E+2
9.794200E+1	2.998960E-2	2.183200E-4	-3.000980E-2	-4.458430E-5	9.803000E+1	1.115130E+2	8.779990E+2
9.810800E+1	2.999010E-2	2.199410E-4	-3.001000E-2	-4.575250E-5	9.819500E+1	1.115750E+2	8.810000E+2
9.827300E+1	2.998970E-2	2.181290E-4	-3.000980E-2	-4.205700E-5	9.835900E+1	1.116260E+2	8.839990E+2
9.843500E+1	2.998960E-2	2.224680E-4	-3.000970E-2	-4.439350E-5	9.852600E+1	1.116840E+2	8.870580E+2
9.860100E+1	2.998980E-2	2.208230E-4	-3.001000E-2	-4.365440E-5	9.869200E+1	1.117410E+2	8.899990E+2
9.876800E+1	2.998940E-2	2.214430E-4	-3.001020E-2	-4.940030E-5	9.885400E+1	1.118000E+2	8.929990E+2
9.893700E+1	2.998950E-2	2.217770E-4	-3.000980E-2	-4.799370E-5	9.902000E+1	1.118600E+2	8.959980E+2
9.909600E+1	2.998960E-2	2.218010E-4	-3.001030E-2	-4.599090E-5	9.918200E+1	1.119200E+2	8.989980E+2
9.925400E+1	2.998930E-2	2.227070E-4	-3.001000E-2	-4.787450E-5	9.934100E+1	1.119880E+2	9.020440E+2
9.941300E+1	2.998970E-2	2.207520E-4	-3.001000E-2	-5.040170E-5	9.950100E+1	1.120470E+2	9.049990E+2
9.957300E+1	2.999000E-2	2.204890E-4	-3.001020E-2	-5.099770E-5	9.965400E+1	1.121000E+2	9.080000E+2
9.972500E+1	2.998970E-2	2.217530E-4	-3.001000E-2	-5.102160E-5	9.980600E+1	1.121620E+2	9.110000E+2
9.988100E+1	2.998940E-2	2.222300E-4	-3.000980E-2	-5.209450E-5	9.996100E+1	1.122010E+2	9.139990E+2
1.000300E+2	2.998950E-2	2.220870E-4	-3.000990E-2	-5.276200E-5	1.001020E+2	1.122410E+2	9.169990E+2
1.001730E+2	2.998970E-2	2.197270E-4	-3.000980E-2	-5.254750E-5	1.002520E+2	1.122860E+2	9.199990E+2
1.003170E+2	2.998970E-2	2.227780E-4	-3.000970E-2	-5.376340E-5	1.003930E+2	1.123360E+2	9.229980E+2
1.004610E+2	2.998950E-2	2.248050E-4	-3.000970E-2	-5.526540E-5	1.005360E+2	1.123900E+2	9.259990E+2
1.006040E+2	2.998990E-2	2.248290E-4	-3.000950E-2	-5.140300E-5	1.006750E+2	1.124450E+2	9.289990E+2
1.007440E+2	2.998970E-2	2.280470E-4	-3.000970E-2	-5.211830E-5	1.008120E+2	1.125060E+2	9.319990E+2
1.008800E+2	2.998970E-2	2.257110E-4	-3.000970E-2	-5.593300E-5	1.009530E+2	1.125680E+2	9.350450E+2
1.010140E+2	2.998990E-2	2.200840E-4	-3.000990E-2	-5.204680E-5	1.010840E+2	1.126280E+2	9.379980E+2
1.011500E+2	2.998950E-2	2.249960E-4	-3.001010E-2	-5.559920E-5	1.012190E+2	1.126920E+2	9.409990E+2
1.012790E+2	2.998940E-2	2.262830E-4	-3.000960E-2	-5.519390E-5	1.013500E+2	1.127600E+2	9.439990E+2
1.014090E+2	2.998960E-2	2.255200E-4	-3.000970E-2	-5.574230E-5	1.014810E+2	1.128150E+2	9.469990E+2
1.015420E+2	2.998960E-2	2.253530E-4	-3.001000E-2	-5.779270E-5	1.016080E+2	1.128830E+2	9.499990E+2
1.016690E+2	2.998970E-2	2.257590E-4	-3.001040E-2	-5.652900E-5	1.017390E+2	1.129440E+2	9.529990E+2
1.018010E+2	2.998940E-2	2.288580E-4	-3.001010E-2	-5.695820E-5	1.018680E+2	1.130010E+2	9.559990E+2
1.019280E+2	2.998970E-2	2.277610E-4	-3.001040E-2	-5.602840E-5	1.019950E+2	1.130630E+2	9.590000E+2
1.020550E+2	2.998970E-2	2.277140E-4	-3.001000E-2	-5.784030E-5	1.021160E+2	1.131210E+2	9.619990E+2
1.021760E+2	2.998940E-2	2.260450E-4	-3.001010E-2	-5.698200E-5	1.022430E+2	1.131850E+2	9.649990E+2
1.023000E+2	2.998950E-2	2.279760E-4	-3.000980E-2	-5.726810E-5	1.023630E+2	1.132420E+2	9.680580E+2
1.024220E+2	2.998990E-2	2.257590E-4	-3.000970E-2	-5.812650E-5	1.024840E+2	1.132990E+2	9.709990E+2
1.025430E+2	2.999030E-2	2.262120E-4	-3.000940E-2	-5.760190E-5	1.026050E+2	1.133550E+2	9.739990E+2
1.026600E+2	2.998990E-2	2.262350E-4	-3.000970E-2	-6.232260E-5	1.027260E+2	1.134150E+2	9.770000E+2
1.027800E+2	2.998980E-2	2.257820E-4	-3.000990E-2	-6.141660E-5	1.028430E+2	1.134770E+2	9.799980E+2
1.028970E+2	2.998970E-2	2.230170E-4	-3.000970E-2	-6.251340E-5	1.029580E+2	1.135340E+2	9.829980E+2
1.030140E+2	2.998940E-2	2.270940E-4	-3.000980E-2	-6.041530E-5	1.030740E+2	1.136000E+2	9.860000E+2
1.031350E+2	2.998970E-2	2.264740E-4	-3.001000E-2	-5.950930E-5	1.031940E+2	1.136480E+2	9.889980E+2
1.032450E+2	2.998980E-2	2.306460E-4	-3.001000E-2	-6.008150E-5	1.033020E+2	1.137040E+2	9.919990E+2
1.033590E+2	2.998980E-2	2.321960E-4	-3.001000E-2	-5.977150E-5	1.034210E+2	1.137590E+2	9.950000E+2
1.034700E+2	2.998990E-2	2.295490E-4	-3.000970E-2	-5.843640E-5	1.035300E+2	1.138050E+2	9.979990E+2
1.035790E+2	2.999000E-2	2.303840E-4	-3.000970E-2	-6.120210E-5	1.036440E+2	1.138650E+2	1.001045E+3
1.036910E+2	2.998980E-2	2.272840E-4	-3.000970E-2	-5.764960E-5	1.037510E+2	1.139210E+2	1.003999E+3
1.038000E+2	2.998980E-2	2.256390E-4	-3.000940E-2	-6.182190E-5	1.038620E+2	1.139820E+2	1.007000E+3
1.039150E+2	2.998960E-2	2.290010E-4	-3.000950E-2	-6.287100E-5	1.039680E+2	1.140390E+2	1.010000E+3
1.040200E+2	2.998980E-2	2.282140E-4	-3.000930E-2	-6.563660E-5	1.040760E+2	1.140970E+2	1.012999E+3
1.041240E+2	2.998980E-2	2.289060E-4	-3.000960E-2	-6.256100E-5	1.041840E+2	1.141540E+2	1.015999E+3
1.042350E+2	2.999000E-2	2.266880E-4	-3.001010E-2	-6.170270E-5	1.042900E+2	1.142120E+2	1.019000E+3
1.043370E+2	2.999000E-2	2.301450E-4	-3.000990E-2	-6.098750E-5	1.043970E+2	1.142630E+2	1.022000E+3
1.044420E+2	2.999000E-2	2.317910E-4	-3.000950E-2	-6.330010E-5	1.044970E+2	1.143200E+2	1.024998E+3
1.045460E+2	2.998980E-2	2.335310E-4	-3.001000E-2	-6.291870E-5	1.046050E+2	1.143800E+2	1.027999E+3
1.046520E+2	2.998970E-2	2.324100E-4	-3.000990E-2	-6.291870E-5	1.047050E+2	1.144280E+2	1.031000E+3
1.047550E+2	2.998980E-2	2.327920E-4	-3.000910E-2	-6.229880E-5	1.048110E+2	1.144820E+2	1.034045E+3
1.048560E+2	2.999040E-2	2.297400E-4	-3.000950E-2	-6.790160E-5	1.049080E+2	1.145420E+2	1.036999E+3
1.049550E+2	2.998980E-2	2.331730E-4	-3.000900E-2	-6.561280E-5	1.050060E+2	1.146040E+2	1.039999E+3
1.050560E+2	2.998960E-2	2.337460E-4	-3.000960E-2	-6.623270E-5	1.051100E+2	1.146680E+2	1.042998E+3
1.051600E+2	2.999000E-2	2.300260E-4	-3.000930E-2	-6.499290E-5	1.052080E+2	1.147220E+2	1.046000E+3
