The operator was: Kevin
The sample measure was: YBCO
The sample was biased using: 30E-3 Amps
Comments:
w'th magneic field

Tbefore	        I+	        V+	        I-	        V-	        Tafter	        Tbase	        Time
1.063880E+2	2.999000E-2	2.327680E-4	-3.000970E-2	-6.394390E-5	1.064470E+2	1.154590E+2	1.200000E+1
1.064920E+2	2.998970E-2	2.322670E-4	-3.000980E-2	-6.477830E-5	1.065340E+2	1.155220E+2	1.500000E+1
1.065780E+2	2.998950E-2	2.320290E-4	-3.000950E-2	-6.518360E-5	1.066270E+2	1.155840E+2	1.800000E+1
1.066670E+2	2.998980E-2	2.330300E-4	-3.000980E-2	-6.845000E-5	1.067150E+2	1.156460E+2	2.100000E+1
1.067540E+2	2.998960E-2	2.326970E-4	-3.000960E-2	-6.947520E-5	1.068010E+2	1.157090E+2	2.400000E+1
1.068420E+2	2.998930E-2	2.329350E-4	-3.000930E-2	-6.811620E-5	1.068910E+2	1.157710E+2	2.704700E+1
1.069360E+2	2.999000E-2	2.326250E-4	-3.000960E-2	-6.716250E-5	1.069830E+2	1.158170E+2	3.000100E+1
1.070220E+2	2.998950E-2	2.362730E-4	-3.000970E-2	-6.973740E-5	1.070660E+2	1.158640E+2	3.300100E+1
1.071070E+2	2.998960E-2	2.331260E-4	-3.000980E-2	-7.166860E-5	1.071520E+2	1.159210E+2	3.600100E+1
1.071900E+2	2.998970E-2	2.337930E-4	-3.000960E-2	-7.095340E-5	1.072390E+2	1.159730E+2	3.900000E+1
1.072830E+2	2.998980E-2	2.335310E-4	-3.000920E-2	-6.961820E-5	1.073260E+2	1.160180E+2	4.200000E+1
1.073640E+2	2.998980E-2	2.355810E-4	-3.001000E-2	-6.613730E-5	1.074090E+2	1.160710E+2	4.500000E+1
1.074500E+2	2.998950E-2	2.345560E-4	-3.001030E-2	-6.790160E-5	1.074970E+2	1.161210E+2	4.799900E+1
1.075380E+2	2.998950E-2	2.334590E-4	-3.000990E-2	-7.045270E-5	1.075580E+2	1.161490E+2	5.011100E+1
1.075930E+2	2.998960E-2	2.363920E-4	-3.001020E-2	-6.690030E-5	1.076370E+2	1.161970E+2	5.299900E+1
1.076780E+2	2.998930E-2	2.365830E-4	-3.001020E-2	-6.704330E-5	1.077210E+2	1.162350E+2	5.600000E+1
1.077590E+2	2.998940E-2	2.367020E-4	-3.000990E-2	-7.092950E-5	1.078030E+2	1.162760E+2	5.900100E+1
1.078390E+2	2.998980E-2	2.346990E-4	-3.000970E-2	-7.162090E-5	1.078830E+2	1.163280E+2	6.200100E+1
1.079190E+2	2.998990E-2	2.333400E-4	-3.000950E-2	-6.742480E-5	1.079710E+2	1.163470E+2	6.500000E+1
1.080150E+2	2.998990E-2	2.357960E-4	-3.000980E-2	-6.978510E-5	1.080650E+2	1.161990E+2	6.800100E+1
1.081160E+2	2.998990E-2	2.377750E-4	-3.000970E-2	-6.909370E-5	1.081650E+2	1.159330E+2	7.100000E+1
1.082080E+2	2.999000E-2	2.380850E-4	-3.000970E-2	-7.166860E-5	1.082610E+2	1.156050E+2	7.399900E+1
1.083020E+2	2.998950E-2	2.389670E-4	-3.000990E-2	-7.088180E-5	1.083520E+2	1.152170E+2	7.704600E+1
1.083850E+2	2.998940E-2	2.356050E-4	-3.000990E-2	-7.047650E-5	1.084340E+2	1.148170E+2	8.000000E+1
1.084740E+2	2.999010E-2	2.365110E-4	-3.001010E-2	-7.264610E-5	1.085070E+2	1.144010E+2	8.299900E+1
1.085410E+2	2.999000E-2	2.350330E-4	-3.001010E-2	-7.286070E-5	1.085770E+2	1.139680E+2	8.599900E+1
1.086070E+2	2.998990E-2	2.354380E-4	-3.000990E-2	-7.436280E-5	1.086350E+2	1.135240E+2	8.900100E+1
1.086610E+2	2.999010E-2	2.330300E-4	-3.000960E-2	-7.674690E-5	1.086890E+2	1.130330E+2	9.200000E+1
1.087100E+2	2.998990E-2	2.335070E-4	-3.000960E-2	-7.259850E-5	1.087340E+2	1.125150E+2	9.500100E+1
1.087490E+2	2.998980E-2	2.356290E-4	-3.000990E-2	-7.402900E-5	1.087680E+2	1.118120E+2	9.800000E+1
1.087750E+2	2.998960E-2	2.313610E-4	-3.000980E-2	-7.717610E-5	1.087900E+2	1.110490E+2	1.010000E+2
1.088000E+2	2.998970E-2	2.327680E-4	-3.001010E-2	-7.929800E-5	1.088040E+2	1.102110E+2	1.040000E+2
1.088060E+2	2.998930E-2	2.319340E-4	-3.000970E-2	-7.712840E-5	1.088040E+2	1.094310E+2	1.069990E+2
1.087970E+2	2.998920E-2	2.309080E-4	-3.000930E-2	-7.770060E-5	1.087960E+2	1.086340E+2	1.100600E+2
1.087800E+2	2.998980E-2	2.290730E-4	-3.000970E-2	-8.070470E-5	1.087680E+2	1.077600E+2	1.130000E+2
1.087510E+2	2.998990E-2	2.266170E-4	-3.000980E-2	-7.874970E-5	1.087330E+2	1.069910E+2	1.159990E+2
1.087060E+2	2.998980E-2	2.288580E-4	-3.000990E-2	-7.941720E-5	1.086740E+2	1.060960E+2	1.190000E+2
1.086440E+2	2.998980E-2	2.257110E-4	-3.000990E-2	-8.285050E-5	1.085970E+2	1.051240E+2	1.220010E+2
1.085500E+2	2.998970E-2	2.259730E-4	-3.000980E-2	-8.330350E-5	1.084940E+2	1.039270E+2	1.250000E+2
1.084410E+2	2.998950E-2	2.231360E-4	-3.000970E-2	-8.749960E-5	1.083740E+2	1.026390E+2	1.280000E+2
1.083110E+2	2.998960E-2	2.221580E-4	-3.000980E-2	-8.573530E-5	1.082360E+2	1.013270E+2	1.309990E+2
1.081600E+2	2.999010E-2	2.227070E-4	-3.000980E-2	-8.666520E-5	1.080740E+2	1.000230E+2	1.340010E+2
1.079910E+2	2.998960E-2	2.208710E-4	-3.000960E-2	-8.614060E-5	1.078920E+2	9.873800E+1	1.370000E+2
1.077970E+2	2.998970E-2	2.163890E-4	-3.000970E-2	-8.664130E-5	1.076890E+2	9.744900E+1	1.400000E+2
1.075790E+2	2.998980E-2	2.181050E-4	-3.000970E-2	-8.647440E-5	1.074420E+2	9.610400E+1	1.430480E+2
1.073250E+2	2.999000E-2	2.163410E-4	-3.000970E-2	-8.931160E-5	1.071740E+2	9.477300E+1	1.460010E+2
1.070320E+2	2.998950E-2	2.143620E-4	-3.001010E-2	-9.398460E-5	1.068620E+2	9.339900E+1	1.490000E+2
1.067010E+2	2.999000E-2	2.074240E-4	-3.000970E-2	-9.660720E-5	1.065220E+2	9.180300E+1	1.520010E+2
1.063520E+2	2.998990E-2	2.001520E-4	-3.000980E-2	-1.062150E-4	1.061440E+2	8.985600E+1	1.550000E+2
1.059440E+2	2.998990E-2	1.971240E-4	-3.001010E-2	-1.070260E-4	1.057210E+2	8.767900E+1	1.580000E+2
1.055250E+2	2.998980E-2	2.037530E-4	-3.001020E-2	-9.315010E-5	1.052570E+2	8.559500E+1	1.610000E+2
1.046670E+2	2.998960E-2	2.069230E-4	-3.001020E-2	-9.014610E-5	1.037010E+2	8.386200E+1	1.640000E+2
1.026360E+2	2.998950E-2	2.032760E-4	-3.000980E-2	-8.711810E-5	1.014880E+2	8.289800E+1	1.670010E+2
1.002550E+2	2.998950E-2	1.947160E-4	-3.001010E-2	-7.956030E-5	9.852700E+1	8.240900E+1	1.700000E+2
9.707700E+1	2.998940E-2	1.899720E-4	-3.001050E-2	-7.681850E-5	9.574100E+1	8.203500E+1	1.730010E+2
9.476500E+1	2.999010E-2	1.829390E-4	-3.000970E-2	-7.140640E-5	9.385300E+1	8.181700E+1	1.760460E+2
9.315900E+1	2.999020E-2	1.652960E-4	-3.000950E-2	-5.745890E-5	9.237600E+1	8.168000E+1	1.789990E+2
9.176200E+1	2.999000E-2	1.450780E-4	-3.000960E-2	-3.969670E-5	9.120600E+1	8.151000E+1	1.819990E+2
9.076500E+1	2.998990E-2	1.310830E-4	-3.000960E-2	-2.000330E-5	9.035500E+1	8.133200E+1	1.849990E+2
9.003900E+1	2.998980E-2	1.185420E-4	-3.000970E-2	-5.555150E-6	8.973600E+1	8.125500E+1	1.880010E+2
8.948800E+1	2.998950E-2	1.060490E-4	-3.001000E-2	8.606910E-6	8.923700E+1	8.122400E+1	1.910000E+2
8.901900E+1	2.998950E-2	8.170600E-5	-3.001000E-2	4.348760E-5	8.880400E+1	8.117000E+1	1.940000E+2
8.861200E+1	2.998970E-2	3.805160E-5	-3.000970E-2	8.032320E-5	8.841100E+1	8.114500E+1	1.969990E+2
8.822900E+1	2.999010E-2	3.771780E-5	-3.000980E-2	8.447170E-5	8.803500E+1	8.111900E+1	1.999990E+2
8.786200E+1	2.998990E-2	3.678800E-5	-3.001000E-2	8.590220E-5	8.768400E+1	8.109900E+1	2.029990E+2
8.752800E+1	2.998990E-2	3.831390E-5	-3.000990E-2	8.735660E-5	8.737300E+1	8.107800E+1	2.060010E+2
8.724400E+1	2.998990E-2	4.069810E-5	-3.000940E-2	9.062290E-5	8.710300E+1	8.107600E+1	2.090610E+2
8.699200E+1	2.998980E-2	3.898140E-5	-3.000990E-2	8.955000E-5	8.685900E+1	8.111700E+1	2.120000E+2
8.672700E+1	2.999030E-2	4.248620E-5	-3.000970E-2	9.198190E-5	8.657500E+1	8.106000E+1	2.149990E+2
8.642600E+1	2.999000E-2	4.456040E-5	-3.000960E-2	8.995530E-5	8.627200E+1	8.088400E+1	2.179990E+2
8.614800E+1	2.999000E-2	4.177090E-5	-3.000950E-2	8.971690E-5	8.603000E+1	8.067800E+1	2.210010E+2
8.592800E+1	2.999010E-2	4.026890E-5	-3.000940E-2	9.069440E-5	8.567800E+1	8.049700E+1	2.240000E+2
8.544600E+1	2.999000E-2	3.628730E-5	-3.000980E-2	9.417530E-5	8.522300E+1	8.027000E+1	2.270010E+2
8.503100E+1	2.998970E-2	5.528930E-5	-3.000970E-2	1.057390E-4	8.482100E+1	8.009300E+1	2.300010E+2
8.459600E+1	2.999010E-2	5.905630E-5	-3.000930E-2	1.075980E-4	8.424900E+1	7.995700E+1	2.330000E+2
8.394000E+1	2.999040E-2	5.991460E-5	-3.000950E-2	1.076460E-4	8.346200E+1	7.991700E+1	2.360000E+2
8.300000E+1	2.998980E-2	5.984310E-5	-3.000980E-2	1.116280E-4	8.257800E+1	7.999200E+1	2.389990E+2
8.224400E+1	2.998960E-2	5.643370E-5	-3.000970E-2	1.087190E-4	8.187400E+1	8.008700E+1	2.420470E+2
8.159400E+1	2.998980E-2	5.669590E-5	-3.000960E-2	1.052140E-4	8.132400E+1	8.019900E+1	2.450000E+2
8.109600E+1	2.998980E-2	5.440710E-5	-3.000970E-2	1.066680E-4	8.089100E+1	8.029100E+1	2.479990E+2
8.072600E+1	2.998970E-2	5.908010E-5	-3.000960E-2	1.064060E-4	8.055600E+1	8.039000E+1	2.510010E+2
8.038000E+1	2.998970E-2	6.065370E-5	-3.000920E-2	1.053330E-4	8.022800E+1	8.050900E+1	2.540000E+2
8.009000E+1	2.999000E-2	5.829330E-5	-3.000940E-2	1.062390E-4	7.995100E+1	8.054800E+1	2.570000E+2
7.983600E+1	2.999000E-2	5.784030E-5	-3.000950E-2	1.057860E-4	7.970500E+1	8.056700E+1	2.599990E+2
7.951500E+1	2.999000E-2	5.424020E-5	-3.000980E-2	1.089810E-4	7.938700E+1	8.060200E+1	2.630000E+2
7.928900E+1	2.999010E-2	5.679130E-5	-3.000990E-2	1.086470E-4	7.919600E+1	8.065000E+1	2.660000E+2
7.910900E+1	2.998990E-2	5.755420E-5	-3.001000E-2	1.083370E-4	7.903100E+1	8.066700E+1	2.690000E+2
7.895500E+1	2.999000E-2	6.031990E-5	-3.001030E-2	1.065250E-4	7.885900E+1	8.066400E+1	2.719990E+2
7.878300E+1	2.998940E-2	6.001000E-5	-3.000980E-2	1.033780E-4	7.869500E+1	8.064900E+1	2.750480E+2
7.861500E+1	2.998960E-2	5.254750E-5	-3.001020E-2	1.081710E-4	7.856400E+1	8.062700E+1	2.780010E+2
7.849000E+1	2.998990E-2	5.609990E-5	-3.000990E-2	1.039270E-4	7.839900E+1	8.061100E+1	2.810000E+2
7.832300E+1	2.999010E-2	5.586150E-5	-3.000980E-2	1.074080E-4	7.822400E+1	8.057400E+1	2.840000E+2
7.813000E+1	2.998990E-2	5.745890E-5	-3.000960E-2	1.101020E-4	7.804800E+1	8.052200E+1	2.870000E+2
7.797100E+1	2.998970E-2	5.602840E-5	-3.001000E-2	1.066680E-4	7.790500E+1	8.045500E+1	2.899990E+2
7.783800E+1	2.998950E-2	5.364420E-5	-3.000950E-2	1.078840E-4	7.777600E+1	8.038900E+1	2.930010E+2
7.771700E+1	2.998960E-2	5.571840E-5	-3.000920E-2	1.050710E-4	7.766100E+1	8.031500E+1	2.960000E+2
7.759900E+1	2.998970E-2	5.629060E-5	-3.000960E-2	1.064780E-4	7.754500E+1	8.024700E+1	2.990010E+2
7.751600E+1	2.998990E-2	5.371570E-5	-3.000970E-2	1.073600E-4	7.748900E+1	8.018800E+1	3.020010E+2
7.746300E+1	2.998950E-2	5.464550E-5	-3.000970E-2	1.027110E-4	7.744700E+1	8.013700E+1	3.050010E+2
7.744500E+1	2.998950E-2	5.419250E-5	-3.000940E-2	1.036410E-4	7.744100E+1	8.010700E+1	3.080610E+2
7.744700E+1	2.998980E-2	5.416870E-5	-3.000920E-2	1.052140E-4	7.746300E+1	8.009800E+1	3.109990E+2
7.747900E+1	2.999000E-2	5.657670E-5	-3.000940E-2	1.057620E-4	7.750400E+1	8.011200E+1	3.140010E+2
7.753700E+1	2.998990E-2	5.545620E-5	-3.000970E-2	1.031880E-4	7.761000E+1	8.019500E+1	3.170000E+2
7.766800E+1	2.999000E-2	5.178450E-5	-3.000940E-2	1.035930E-4	7.772700E+1	8.031000E+1	3.199990E+2
7.777000E+1	2.998990E-2	5.397800E-5	-3.000940E-2	1.053810E-4	7.782100E+1	8.040600E+1	3.230000E+2
7.787100E+1	2.998990E-2	5.488400E-5	-3.000980E-2	1.060490E-4	7.792400E+1	8.051800E+1	3.260010E+2
7.797500E+1	2.998950E-2	5.285740E-5	-3.000970E-2	1.020190E-4	7.802300E+1	8.061000E+1	3.290010E+2
7.806100E+1	2.998980E-2	5.493160E-5	-3.000970E-2	1.073120E-4	7.808900E+1	8.068400E+1	3.320000E+2
7.809700E+1	2.998980E-2	5.259510E-5	-3.000940E-2	1.057860E-4	7.807300E+1	8.066600E+1	3.349990E+2
7.808700E+1	2.998970E-2	5.331040E-5	-3.000980E-2	1.073360E-4	7.808300E+1	8.067700E+1	3.379990E+2
7.803600E+1	2.998960E-2	5.450250E-5	-3.000930E-2	1.056190E-4	7.803700E+1	8.063300E+1	3.410480E+2
7.800600E+1	2.998960E-2	5.366800E-5	-3.000940E-2	1.043080E-4	7.798300E+1	8.060500E+1	3.440010E+2
7.796000E+1	2.998990E-2	5.404950E-5	-3.000920E-2	1.070980E-4	7.794000E+1	8.057800E+1	3.470010E+2
7.794200E+1	2.998960E-2	5.316730E-5	-3.000970E-2	1.066210E-4	7.791500E+1	8.056500E+1	3.500000E+2
7.794500E+1	2.999030E-2	5.369190E-5	-3.000950E-2	1.040220E-4	7.793700E+1	8.057200E+1	3.530010E+2
7.794000E+1	2.999000E-2	5.176070E-5	-3.000940E-2	1.013990E-4	7.791200E+1	8.056600E+1	3.560010E+2
7.787600E+1	2.998990E-2	5.774500E-5	-3.000990E-2	1.096250E-4	7.783200E+1	8.053000E+1	3.589990E+2
7.780000E+1	2.998970E-2	5.733970E-5	-3.000990E-2	1.068120E-4	7.776600E+1	8.047500E+1	3.620000E+2
7.773400E+1	2.998970E-2	5.598070E-5	-3.000990E-2	1.022340E-4	7.769400E+1	8.041400E+1	3.650000E+2
7.765800E+1	2.998970E-2	5.428790E-5	-3.001010E-2	1.042370E-4	7.762200E+1	8.034600E+1	3.679990E+2
7.759200E+1	2.998960E-2	5.571840E-5	-3.000980E-2	1.065730E-4	7.755900E+1	8.028000E+1	3.710000E+2
7.752200E+1	2.999000E-2	5.159380E-5	-3.000950E-2	1.048800E-4	7.750300E+1	8.020700E+1	3.740490E+2
7.749100E+1	2.998980E-2	5.352500E-5	-3.000980E-2	1.065490E-4	7.745000E+1	8.015600E+1	3.770000E+2
7.742500E+1	2.998980E-2	5.333420E-5	-3.000970E-2	1.014710E-4	7.743500E+1	8.010500E+1	3.800010E+2
7.744800E+1	2.999010E-2	5.395410E-5	-3.000990E-2	1.028300E-4	7.746600E+1	8.010400E+1	3.830010E+2
7.752000E+1	2.999030E-2	5.226140E-5	-3.000970E-2	1.042840E-4	7.763500E+1	8.023800E+1	3.860000E+2
7.779100E+1	2.999000E-2	5.261900E-5	-3.001000E-2	1.029010E-4	7.791900E+1	8.051900E+1	3.890010E+2
7.802400E+1	2.998990E-2	5.390640E-5	-3.001000E-2	1.045230E-4	7.814000E+1	8.073900E+1	3.920000E+2
7.818800E+1	2.998990E-2	5.197530E-5	-3.001010E-2	1.018050E-4	7.819800E+1	8.080500E+1	3.950010E+2
7.820400E+1	2.998970E-2	5.307200E-5	-3.000990E-2	1.031400E-4	7.819000E+1	8.079500E+1	3.980000E+2
7.815800E+1	2.998990E-2	5.173680E-5	-3.000970E-2	1.050000E-4	7.811000E+1	8.070300E+1	4.010000E+2
7.808000E+1	2.998970E-2	5.166530E-5	-3.000980E-2	1.064060E-4	7.803800E+1	8.063700E+1	4.040000E+2
7.802600E+1	2.998990E-2	5.297660E-5	-3.000960E-2	1.045700E-4	7.798200E+1	8.061100E+1	4.070620E+2
7.797600E+1	2.999000E-2	5.176070E-5	-3.000960E-2	1.005410E-4	7.795500E+1	8.059000E+1	4.100000E+2
7.793300E+1	2.999010E-2	5.073550E-5	-3.001000E-2	1.009700E-4	7.791400E+1	8.056300E+1	4.130010E+2
7.790400E+1	2.999040E-2	4.985330E-5	-3.000960E-2	9.920600E-5	7.789600E+1	8.054400E+1	4.160000E+2
7.789500E+1	2.999030E-2	5.033020E-5	-3.000960E-2	1.026150E-4	7.789700E+1	8.054100E+1	4.190000E+2
7.788200E+1	2.999000E-2	5.288120E-5	-3.000990E-2	1.033070E-4	7.788400E+1	8.053700E+1	4.220010E+2
7.787700E+1	2.999000E-2	5.261900E-5	-3.000990E-2	1.041170E-4	7.786900E+1	8.052600E+1	4.250000E+2
7.785900E+1	2.998990E-2	5.383490E-5	-3.001000E-2	1.034740E-4	7.787100E+1	8.052300E+1	4.280010E+2
7.786500E+1	2.998970E-2	5.340580E-5	-3.001010E-2	1.042130E-4	7.786000E+1	8.051700E+1	4.310000E+2
7.784500E+1	2.998960E-2	5.245210E-5	-3.000990E-2	1.047850E-4	7.782100E+1	8.049300E+1	4.339990E+2
7.779300E+1	2.998980E-2	5.190370E-5	-3.000960E-2	1.037120E-4	7.776500E+1	8.046000E+1	4.369990E+2
7.773500E+1	2.998960E-2	5.104540E-5	-3.000980E-2	1.003980E-4	7.770500E+1	8.040900E+1	4.400490E+2
7.767700E+1	2.998950E-2	5.180840E-5	-3.000990E-2	1.036170E-4	7.764600E+1	8.035500E+1	4.430000E+2
7.762400E+1	2.998980E-2	5.269050E-5	-3.000960E-2	1.013990E-4	7.759600E+1	8.029900E+1	4.460000E+2
7.758400E+1	2.998980E-2	5.333420E-5	-3.000930E-2	9.963510E-5	7.757800E+1	8.025600E+1	4.490000E+2
7.758000E+1	2.998980E-2	5.211830E-5	-3.000960E-2	1.004930E-4	7.760700E+1	8.025600E+1	4.520010E+2
7.764500E+1	2.999010E-2	5.092620E-5	-3.000980E-2	1.013040E-4	7.769800E+1	8.031800E+1	4.550010E+2
7.775700E+1	2.998990E-2	5.180840E-5	-3.000990E-2	1.004220E-4	7.783300E+1	8.044800E+1	4.580000E+2
7.788800E+1	2.998960E-2	5.130770E-5	-3.000980E-2	1.034980E-4	7.794100E+1	8.056400E+1	4.610010E+2
7.797800E+1	2.998990E-2	5.199910E-5	-3.000940E-2	1.030680E-4	7.801900E+1	8.064000E+1	4.640000E+2
7.803600E+1	2.998950E-2	5.245210E-5	-3.000960E-2	1.055480E-4	7.802800E+1	8.062800E+1	4.669990E+2
7.799800E+1	2.998970E-2	5.273820E-5	-3.000970E-2	1.013040E-4	7.801900E+1	8.064000E+1	4.700000E+2
7.805400E+1	2.998990E-2	5.187990E-5	-3.000960E-2	1.032110E-4	7.805100E+1	8.065900E+1	4.730480E+2
7.804500E+1	2.999010E-2	5.545620E-5	-3.000970E-2	1.015420E-4	7.803600E+1	8.064100E+1	4.760000E+2
7.801500E+1	2.998980E-2	4.935260E-5	-3.000950E-2	1.011370E-4	7.800000E+1	8.062200E+1	4.790000E+2
7.797900E+1	2.998960E-2	5.099770E-5	-3.000950E-2	1.024960E-4	7.794400E+1	8.058900E+1	4.820000E+2
7.790700E+1	2.998980E-2	4.978180E-5	-3.000980E-2	1.028300E-4	7.790600E+1	8.055900E+1	4.850010E+2
7.789100E+1	2.998980E-2	5.159380E-5	-3.000970E-2	1.064540E-4	7.787000E+1	8.053400E+1	4.880000E+2
7.783300E+1	2.998990E-2	5.550380E-5	-3.000960E-2	1.049280E-4	7.778800E+1	8.048600E+1	4.910000E+2
7.775300E+1	2.998930E-2	5.314350E-5	-3.001030E-2	1.060720E-4	7.771100E+1	8.042000E+1	4.939990E+2
7.767600E+1	2.998950E-2	5.183220E-5	-3.000970E-2	1.061680E-4	7.764000E+1	8.035400E+1	4.969990E+2
7.760500E+1	2.998960E-2	5.459790E-5	-3.000990E-2	1.058340E-4	7.756900E+1	8.027900E+1	5.000010E+2
7.753700E+1	2.998960E-2	5.486010E-5	-3.000980E-2	1.015190E-4	7.750700E+1	8.020900E+1	5.030000E+2
7.747500E+1	2.998990E-2	5.152230E-5	-3.000980E-2	1.053570E-4	7.737300E+1	8.012600E+1	5.060620E+2
7.730700E+1	2.999000E-2	5.276200E-5	-3.000990E-2	1.049280E-4	7.726600E+1	7.999900E+1	5.090010E+2
7.725000E+1	2.999010E-2	5.466940E-5	-3.000960E-2	1.052380E-4	7.724500E+1	7.993000E+1	5.120000E+2
7.724000E+1	2.999020E-2	5.216600E-5	-3.000980E-2	1.063110E-4	7.723500E+1	7.989700E+1	5.150000E+2
7.720600E+1	2.999030E-2	5.447860E-5	-3.000970E-2	1.028540E-4	7.713600E+1	7.984600E+1	5.180000E+2
7.708500E+1	2.999000E-2	5.102160E-5	-3.000970E-2	1.014950E-4	7.704300E+1	7.975200E+1	5.210010E+2
7.700600E+1	2.998960E-2	5.230900E-5	-3.000990E-2	1.045700E-4	7.697200E+1	7.966800E+1	5.240000E+2
7.694500E+1	2.998980E-2	5.326270E-5	-3.000990E-2	1.036880E-4	7.692200E+1	7.959900E+1	5.269990E+2
7.690600E+1	2.998980E-2	5.297660E-5	-3.001000E-2	1.071450E-4	7.690200E+1	7.955900E+1	5.300000E+2
7.691200E+1	2.998990E-2	5.526540E-5	-3.000980E-2	1.009230E-4	7.692100E+1	7.956100E+1	5.330010E+2
7.693000E+1	2.999000E-2	5.409720E-5	-3.001010E-2	1.012800E-4	7.693300E+1	7.956900E+1	5.360000E+2
7.694200E+1	2.998990E-2	5.035400E-5	-3.001000E-2	1.014470E-4	7.696000E+1	7.959000E+1	5.390500E+2
7.698000E+1	2.998970E-2	4.882810E-5	-3.000990E-2	1.041170E-4	7.704700E+1	7.968600E+1	5.420000E+2
7.719100E+1	2.998980E-2	5.095000E-5	-3.000990E-2	1.034020E-4	7.733500E+1	7.999600E+1	5.450000E+2
7.747100E+1	2.998990E-2	5.011560E-5	-3.001010E-2	1.051900E-4	7.762300E+1	8.029600E+1	5.479990E+2
7.777400E+1	2.998960E-2	5.259510E-5	-3.001020E-2	1.035450E-4	7.795000E+1	8.062600E+1	5.509990E+2
7.809000E+1	2.998950E-2	5.278590E-5	-3.000990E-2	1.013990E-4	7.821200E+1	8.087000E+1	5.539990E+2
7.825400E+1	2.998960E-2	5.207060E-5	-3.001010E-2	1.041650E-4	7.825500E+1	8.086000E+1	5.570000E+2
7.825800E+1	2.998960E-2	5.357270E-5	-3.001020E-2	1.045700E-4	7.824400E+1	8.084000E+1	5.600000E+2
7.818600E+1	2.998940E-2	4.968640E-5	-3.000990E-2	1.008750E-4	7.812300E+1	8.069000E+1	5.630000E+2
7.806900E+1	2.998970E-2	5.302430E-5	-3.001000E-2	1.040700E-4	7.802100E+1	8.060600E+1	5.660010E+2
7.798000E+1	2.998940E-2	5.331040E-5	-3.001010E-2	1.072880E-4	7.794500E+1	8.056200E+1	5.689990E+2
7.791700E+1	2.998940E-2	5.354880E-5	-3.000990E-2	1.036880E-4	7.789500E+1	8.052000E+1	5.720490E+2
7.786600E+1	2.998950E-2	5.400180E-5	-3.000980E-2	1.029730E-4	7.783700E+1	8.047900E+1	5.750000E+2
7.783100E+1	2.998970E-2	5.159380E-5	-3.000970E-2	1.018760E-4	7.783600E+1	8.046900E+1	5.779990E+2
7.783900E+1	2.998970E-2	5.123620E-5	-3.000990E-2	1.004700E-4	7.784500E+1	8.046700E+1	5.809990E+2
7.785300E+1	2.998990E-2	5.159380E-5	-3.000990E-2	1.042840E-4	7.786400E+1	8.048700E+1	5.839990E+2
7.787900E+1	2.998970E-2	5.278590E-5	-3.001010E-2	1.024010E-4	7.789000E+1	8.050900E+1	5.870010E+2
7.790600E+1	2.998940E-2	5.176070E-5	-3.001000E-2	1.028540E-4	7.791800E+1	8.053700E+1	5.900000E+2
7.793600E+1	2.998930E-2	5.385880E-5	-3.000970E-2	1.036170E-4	7.795400E+1	8.056700E+1	5.930000E+2
7.798100E+1	2.998970E-2	5.280970E-5	-3.000970E-2	1.044270E-4	7.801400E+1	8.062500E+1	5.960010E+2
7.802000E+1	2.998980E-2	5.373950E-5	-3.001000E-2	1.048090E-4	7.800200E+1	8.061200E+1	5.990010E+2
7.802200E+1	2.998980E-2	5.362030E-5	-3.000970E-2	1.071450E-4	7.802500E+1	8.063000E+1	6.019990E+2
7.802100E+1	2.998990E-2	5.090240E-5	-3.000970E-2	1.040460E-4	7.803200E+1	8.064600E+1	6.050620E+2
7.799900E+1	2.998970E-2	4.951950E-5	-3.000980E-2	1.058820E-4	7.798600E+1	8.061600E+1	6.080000E+2
7.796400E+1	2.999020E-2	5.087850E-5	-3.000940E-2	1.019950E-4	7.796000E+1	8.059800E+1	6.110000E+2
7.794100E+1	2.999010E-2	5.095000E-5	-3.000950E-2	1.053090E-4	7.791900E+1	8.056900E+1	6.140010E+2
7.789200E+1	2.998990E-2	5.269050E-5	-3.000980E-2	1.042370E-4	7.785800E+1	8.052600E+1	6.170010E+2
7.784000E+1	2.998970E-2	5.338190E-5	-3.000970E-2	1.014470E-4	7.784900E+1	8.049300E+1	6.200010E+2
7.782500E+1	2.998990E-2	5.464550E-5	-3.001010E-2	1.060250E-4	7.778700E+1	8.045600E+1	6.230000E+2
7.774600E+1	2.998950E-2	5.340580E-5	-3.000980E-2	1.054760E-4	7.769300E+1	8.038600E+1	6.260000E+2
7.764200E+1	2.998960E-2	5.602840E-5	-3.000970E-2	1.063820E-4	7.757000E+1	8.028700E+1	6.290010E+2
7.747400E+1	2.998970E-2	5.602840E-5	-3.000980E-2	1.045940E-4	7.735900E+1	8.012400E+1	6.320000E+2
7.726400E+1	2.998950E-2	5.588530E-5	-3.000970E-2	1.017330E-4	7.715800E+1	7.992900E+1	6.349990E+2
7.707100E+1	2.998970E-2	5.750660E-5	-3.001000E-2	1.057860E-4	7.697800E+1	7.973400E+1	6.380500E+2
7.690200E+1	2.998980E-2	5.276200E-5	-3.000980E-2	1.066210E-4	7.683000E+1	7.956000E+1	6.410000E+2
7.676900E+1	2.999020E-2	5.536080E-5	-3.000980E-2	1.052860E-4	7.670900E+1	7.941900E+1	6.440000E+2
7.666100E+1	2.999010E-2	5.571840E-5	-3.000970E-2	1.059770E-4	7.661700E+1	7.929900E+1	6.469990E+2
7.658400E+1	2.999020E-2	5.602840E-5	-3.000950E-2	1.044990E-4	7.656900E+1	7.922100E+1	6.500000E+2
7.658500E+1	2.998990E-2	5.323890E-5	-3.000990E-2	1.040220E-4	7.662500E+1	7.924600E+1	6.530000E+2
7.667700E+1	2.999010E-2	5.216600E-5	-3.001020E-2	1.026630E-4	7.674900E+1	7.937100E+1	6.560000E+2
7.681400E+1	2.998960E-2	5.428790E-5	-3.001020E-2	1.040460E-4	7.689100E+1	7.952100E+1	6.589990E+2
7.697300E+1	2.998950E-2	5.486010E-5	-3.001020E-2	1.045700E-4	7.707500E+1	7.971000E+1	6.620010E+2
7.716300E+1	2.998940E-2	5.390640E-5	-3.001000E-2	1.036170E-4	7.726200E+1	7.989400E+1	6.650000E+2
7.735200E+1	2.998940E-2	5.655290E-5	-3.000960E-2	1.039030E-4	7.744900E+1	8.008700E+1	6.680010E+2
7.755000E+1	2.998980E-2	5.598070E-5	-3.000930E-2	1.056190E-4	7.767900E+1	8.032400E+1	6.710500E+2
7.778800E+1	2.999010E-2	4.975800E-5	-3.000930E-2	1.060490E-4	7.789200E+1	8.053200E+1	6.740010E+2
7.798400E+1	2.999000E-2	5.404950E-5	-3.000940E-2	1.009940E-4	7.806100E+1	8.068100E+1	6.770000E+2
7.810800E+1	2.998990E-2	5.600450E-5	-3.000930E-2	1.033540E-4	7.813100E+1	8.072700E+1	6.800000E+2
7.819500E+1	2.999000E-2	5.197530E-5	-3.000950E-2	9.858610E-5	7.823800E+1	8.084800E+1	6.829990E+2
7.821800E+1	2.999000E-2	5.285740E-5	-3.000990E-2	1.018520E-4	7.820100E+1	8.078000E+1	6.860000E+2
7.818500E+1	2.998950E-2	5.474090E-5	-3.001020E-2	1.057860E-4	7.816500E+1	8.074600E+1	6.889990E+2
7.814800E+1	2.998960E-2	5.619530E-5	-3.000960E-2	1.052140E-4	7.814100E+1	8.073200E+1	6.920010E+2
7.812800E+1	2.998990E-2	5.345340E-5	-3.000970E-2	1.048560E-4	7.810800E+1	8.069000E+1	6.950000E+2
7.808400E+1	2.998980E-2	5.559920E-5	-3.000950E-2	1.051430E-4	7.806300E+1	8.065000E+1	6.980000E+2
7.804900E+1	2.998980E-2	5.335810E-5	-3.000960E-2	1.072410E-4	7.802000E+1	8.062400E+1	7.009990E+2
7.799500E+1	2.998960E-2	4.959110E-5	-3.000980E-2	1.029250E-4	7.795500E+1	8.058000E+1	7.040620E+2
7.790800E+1	2.998960E-2	5.178450E-5	-3.000990E-2	1.015660E-4	7.784900E+1	8.049900E+1	7.069990E+2
7.778700E+1	2.998960E-2	5.161760E-5	-3.000990E-2	1.019950E-4	7.772900E+1	8.040800E+1	7.100000E+2
7.767700E+1	2.998970E-2	5.114080E-5	-3.000960E-2	1.032350E-4	7.761900E+1	8.031700E+1	7.129990E+2
7.757200E+1	2.998980E-2	5.288120E-5	-3.000990E-2	1.040220E-4	7.753500E+1	8.021800E+1	7.159990E+2
7.751200E+1	2.999010E-2	5.104540E-5	-3.000970E-2	1.024010E-4	7.745900E+1	8.014300E+1	7.190000E+2
7.740500E+1	2.999030E-2	5.548000E-5	-3.000970E-2	1.050230E-4	7.733800E+1	8.003700E+1	7.219990E+2
7.727900E+1	2.998990E-2	5.314350E-5	-3.000990E-2	1.013520E-4	7.720000E+1	7.991200E+1	7.250000E+2
7.712800E+1	2.998970E-2	5.195140E-5	-3.001000E-2	1.015900E-4	7.705200E+1	7.976500E+1	7.280010E+2
7.699100E+1	2.998990E-2	5.173680E-5	-3.001020E-2	1.024720E-4	7.692900E+1	7.962700E+1	7.310000E+2
7.687700E+1	2.998990E-2	5.021100E-5	-3.001010E-2	1.030210E-4	7.682800E+1	7.951300E+1	7.339990E+2
7.680100E+1	2.999000E-2	5.047320E-5	-3.000990E-2	1.015900E-4	7.678400E+1	7.942900E+1	7.370490E+2
7.677000E+1	2.998990E-2	5.419250E-5	-3.001010E-2	1.034740E-4	7.676300E+1	7.939700E+1	7.400000E+2
7.678600E+1	2.998950E-2	5.435940E-5	-3.001010E-2	1.036410E-4	7.680800E+1	7.942200E+1	7.430000E+2
7.683700E+1	2.998950E-2	5.218980E-5	-3.001020E-2	1.021620E-4	7.689700E+1	7.950800E+1	7.459990E+2
7.694900E+1	2.998940E-2	5.161760E-5	-3.001010E-2	1.020430E-4	7.702800E+1	7.964900E+1	7.490000E+2
7.709500E+1	2.998980E-2	5.309580E-5	-3.001030E-2	1.054290E-4	7.717100E+1	7.979200E+1	7.520000E+2
7.724600E+1	2.998950E-2	5.452630E-5	-3.000990E-2	1.026150E-4	7.732000E+1	7.994000E+1	7.549990E+2
7.739300E+1	2.998960E-2	5.331040E-5	-3.001010E-2	1.043560E-4	7.749600E+1	8.013100E+1	7.580000E+2
7.759100E+1	2.998960E-2	5.228520E-5	-3.001000E-2	1.050950E-4	7.768900E+1	8.031800E+1	7.610010E+2
7.776900E+1	2.998970E-2	5.476470E-5	-3.001000E-2	1.014710E-4	7.784800E+1	8.046600E+1	7.640000E+2
7.791300E+1	2.998970E-2	5.228520E-5	-3.001000E-2	1.050000E-4	7.799700E+1	8.061700E+1	7.669990E+2
7.805700E+1	2.998990E-2	5.190370E-5	-3.000960E-2	1.003740E-4	7.809500E+1	8.069200E+1	7.700490E+2
7.811200E+1	2.998990E-2	4.990100E-5	-3.001000E-2	1.024480E-4	7.810800E+1	8.069700E+1	7.730000E+2
7.810800E+1	2.998950E-2	5.173680E-5	-3.000980E-2	1.021390E-4	7.809500E+1	8.067200E+1	7.760010E+2
7.808400E+1	2.998960E-2	4.978180E-5	-3.000970E-2	1.025440E-4	7.810100E+1	8.068400E+1	7.790010E+2
7.809500E+1	2.998980E-2	5.152230E-5	-3.000940E-2	1.055720E-4	7.807100E+1	8.063900E+1	7.820000E+2
7.807600E+1	2.998980E-2	5.333420E-5	-3.000920E-2	1.041170E-4	7.809200E+1	8.069100E+1	7.849990E+2
7.813500E+1	2.998970E-2	5.154610E-5	-3.001010E-2	1.064300E-4	7.810700E+1	8.067000E+1	7.879990E+2
7.805600E+1	2.998960E-2	5.431180E-5	-3.001020E-2	1.029970E-4	7.800800E+1	8.058900E+1	7.910010E+2
7.795800E+1	2.998950E-2	5.273820E-5	-3.001000E-2	1.047610E-4	7.790700E+1	8.051800E+1	7.940010E+2
7.787500E+1	2.998960E-2	5.040170E-5	-3.000990E-2	1.024960E-4	7.786400E+1	8.047700E+1	7.970010E+2
7.781600E+1	2.998990E-2	5.311970E-5	-3.000980E-2	1.042600E-4	7.774700E+1	8.040400E+1	8.000000E+2
7.766700E+1	2.998980E-2	5.481240E-5	-3.000980E-2	1.054050E-4	7.757800E+1	8.028700E+1	8.030400E+2
7.749900E+1	2.999010E-2	5.469320E-5	-3.000960E-2	1.039740E-4	7.740700E+1	8.014500E+1	8.060000E+2
7.732200E+1	2.998980E-2	5.085470E-5	-3.000950E-2	1.049760E-4	7.724400E+1	7.997900E+1	8.089990E+2
7.716000E+1	2.998990E-2	5.154610E-5	-3.000950E-2	1.031160E-4	7.707400E+1	7.980900E+1	8.119990E+2
7.699400E+1	2.999000E-2	5.476470E-5	-3.000910E-2	1.067400E-4	7.691700E+1	7.963800E+1	8.149990E+2
