The operator was: Kevin
The sample measure was: YBCO
The sample was biased using: 30E-3 Amps
Comments:
w'th magneic field

Tbefore	        I+	        V+	        I-	        V-	        Tafter	        Tbase	        Time
1.156950E+2	2.998930E-2	2.372260E-4	-3.001020E-2	-9.434220E-5	1.156760E+2	1.144290E+2	7.399900E+1
1.156590E+2	2.998960E-2	2.376320E-4	-3.001010E-2	-9.315010E-5	1.156360E+2	1.138130E+2	7.699900E+1
1.156120E+2	2.998970E-2	2.344370E-4	-3.000990E-2	-9.269710E-5	1.155880E+2	1.132400E+2	7.999900E+1
1.155640E+2	2.998940E-2	2.347950E-4	-3.001000E-2	-9.319780E-5	1.155330E+2	1.126380E+2	8.300000E+1
1.155010E+2	2.998950E-2	2.333160E-4	-3.001010E-2	-9.415150E-5	1.154740E+2	1.120720E+2	8.599900E+1
1.154430E+2	2.998950E-2	2.350810E-4	-3.000990E-2	-9.469990E-5	1.154020E+2	1.114550E+2	8.903900E+1
1.153650E+2	2.999000E-2	2.344130E-4	-3.001020E-2	-9.393690E-5	1.153310E+2	1.109050E+2	9.199800E+1
1.152930E+2	2.998960E-2	2.328160E-4	-3.001000E-2	-9.465220E-5	1.152440E+2	1.103270E+2	9.499900E+1
1.152020E+2	2.998930E-2	2.316480E-4	-3.000980E-2	-9.732250E-5	1.151540E+2	1.096690E+2	9.800000E+1
1.151120E+2	2.998950E-2	2.305980E-4	-3.000990E-2	-9.822850E-5	1.150580E+2	1.091400E+2	1.009990E+2
1.150080E+2	2.998980E-2	2.300500E-4	-3.001000E-2	-9.751320E-5	1.149530E+2	1.084900E+2	1.039990E+2
1.149030E+2	2.998980E-2	2.316480E-4	-3.000950E-2	-9.796620E-5	1.148410E+2	1.079600E+2	1.070000E+2
1.147850E+2	2.999000E-2	2.312180E-4	-3.000940E-2	-9.686950E-5	1.147200E+2	1.073060E+2	1.100000E+2
1.146620E+2	2.998980E-2	2.301450E-4	-3.000960E-2	-9.641650E-5	1.145960E+2	1.068130E+2	1.130000E+2
1.145320E+2	2.998980E-2	2.327680E-4	-3.000950E-2	-9.810920E-5	1.144620E+2	1.061500E+2	1.159990E+2
1.143990E+2	2.998980E-2	2.310280E-4	-3.000970E-2	-1.006600E-4	1.143300E+2	1.056790E+2	1.190000E+2
1.142550E+2	2.998980E-2	2.262830E-4	-3.000980E-2	-9.906290E-5	1.141730E+2	1.049820E+2	1.220390E+2
1.141040E+2	2.999010E-2	2.280000E-4	-3.000960E-2	-9.942050E-5	1.140290E+2	1.044900E+2	1.249990E+2
1.139530E+2	2.999000E-2	2.274040E-4	-3.000950E-2	-9.610650E-5	1.138680E+2	1.038760E+2	1.279990E+2
1.137920E+2	2.998980E-2	2.259250E-4	-3.000950E-2	-9.651180E-5	1.137070E+2	1.033940E+2	1.310000E+2
1.136200E+2	2.998960E-2	2.269980E-4	-3.000950E-2	-1.003980E-4	1.135310E+2	1.027150E+2	1.339990E+2
1.134480E+2	2.998990E-2	2.271650E-4	-3.000950E-2	-9.629730E-5	1.133570E+2	1.022070E+2	1.369990E+2
1.132670E+2	2.998970E-2	2.273560E-4	-3.000970E-2	-9.756090E-5	1.131710E+2	1.016020E+2	1.399990E+2
1.130820E+2	2.998980E-2	2.275470E-4	-3.000970E-2	-9.689330E-5	1.129820E+2	1.010780E+2	1.429980E+2
1.128890E+2	2.999000E-2	2.246140E-4	-3.000980E-2	-9.682180E-5	1.127840E+2	1.005010E+2	1.459980E+2
1.126880E+2	2.999020E-2	2.249480E-4	-3.000960E-2	-9.555820E-5	1.125820E+2	9.993200E+1	1.489980E+2
1.124870E+2	2.998980E-2	2.265930E-4	-3.001000E-2	-9.672640E-5	1.123760E+2	9.940700E+1	1.520000E+2
1.122750E+2	2.998970E-2	2.246620E-4	-3.000950E-2	-9.820460E-5	1.121640E+2	9.885200E+1	1.550400E+2
1.120660E+2	2.999000E-2	2.209430E-4	-3.000980E-2	-9.689330E-5	1.119490E+2	9.835200E+1	1.579990E+2
1.118370E+2	2.999010E-2	2.227780E-4	-3.000970E-2	-9.632110E-5	1.117200E+2	9.776900E+1	1.609980E+2
1.116160E+2	2.999010E-2	2.240420E-4	-3.000970E-2	-9.725090E-5	1.114960E+2	9.728700E+1	1.640000E+2
1.113810E+2	2.998980E-2	2.193930E-4	-3.000980E-2	-9.360310E-5	1.112560E+2	9.670000E+1	1.669980E+2
1.111420E+2	2.998950E-2	2.241130E-4	-3.001010E-2	-9.670260E-5	1.110190E+2	9.624500E+1	1.699990E+2
1.108970E+2	2.998970E-2	2.218010E-4	-3.000990E-2	-9.648800E-5	1.107660E+2	9.563000E+1	1.729990E+2
1.106470E+2	2.998950E-2	2.210620E-4	-3.001000E-2	-9.419920E-5	1.105150E+2	9.517000E+1	1.759980E+2
1.103930E+2	2.998970E-2	2.202030E-4	-3.000970E-2	-9.303090E-5	1.102510E+2	9.461800E+1	1.790000E+2
1.101220E+2	2.998980E-2	2.214430E-4	-3.000980E-2	-9.472370E-5	1.099800E+2	9.402500E+1	1.820000E+2
1.098520E+2	2.999010E-2	2.172950E-4	-3.000990E-2	-9.720330E-5	1.097040E+2	9.334000E+1	1.850000E+2
1.095770E+2	2.999000E-2	2.210140E-4	-3.000970E-2	-9.384160E-5	1.094310E+2	9.282600E+1	1.880390E+2
1.093100E+2	2.998990E-2	2.181290E-4	-3.000960E-2	-9.241100E-5	1.091730E+2	9.253500E+1	1.909990E+2
1.090510E+2	2.999010E-2	2.176050E-4	-3.000970E-2	-9.148120E-5	1.089110E+2	9.237400E+1	1.940000E+2
1.087840E+2	2.998990E-2	2.213960E-4	-3.000960E-2	-9.024140E-5	1.086440E+2	9.228500E+1	1.969990E+2
1.085200E+2	2.999010E-2	2.200840E-4	-3.000960E-2	-9.090900E-5	1.083770E+2	9.221400E+1	1.999990E+2
1.082510E+2	2.998970E-2	2.204890E-4	-3.000970E-2	-9.093280E-5	1.081130E+2	9.210500E+1	2.029990E+2
1.079850E+2	2.998970E-2	2.188210E-4	-3.000970E-2	-8.728500E-5	1.078530E+2	9.200000E+1	2.059990E+2
1.077310E+2	2.998980E-2	2.216340E-4	-3.000980E-2	-8.497240E-5	1.075950E+2	9.195100E+1	2.089990E+2
1.074740E+2	2.998980E-2	2.206560E-4	-3.000940E-2	-8.854870E-5	1.073410E+2	9.190000E+1	2.119980E+2
1.072190E+2	2.998990E-2	2.197500E-4	-3.000990E-2	-8.308890E-5	1.070810E+2	9.177800E+1	2.149990E+2
1.069620E+2	2.998960E-2	2.203700E-4	-3.000950E-2	-8.802410E-5	1.068330E+2	9.171200E+1	2.179980E+2
1.067200E+2	2.999000E-2	2.158640E-4	-3.000940E-2	-8.587840E-5	1.065860E+2	9.168500E+1	2.210400E+2
1.064710E+2	2.999010E-2	2.164840E-4	-3.000960E-2	-8.387570E-5	1.063430E+2	9.160100E+1	2.239990E+2
1.062280E+2	2.999000E-2	2.190110E-4	-3.000980E-2	-8.218290E-5	1.061030E+2	9.151300E+1	2.269990E+2
1.059860E+2	2.998980E-2	2.180340E-4	-3.000970E-2	-8.585450E-5	1.058630E+2	9.146400E+1	2.299990E+2
1.057510E+2	2.999020E-2	2.158400E-4	-3.000970E-2	-8.351800E-5	1.056280E+2	9.137800E+1	2.330000E+2
1.055190E+2	2.998990E-2	2.146720E-4	-3.000930E-2	-8.389950E-5	1.053980E+2	9.134100E+1	2.359990E+2
1.052870E+2	2.999020E-2	2.181770E-4	-3.000960E-2	-7.982250E-5	1.051680E+2	9.132800E+1	2.389990E+2
1.050620E+2	2.999010E-2	2.149580E-4	-3.000950E-2	-8.003710E-5	1.049430E+2	9.125300E+1	2.419990E+2
1.048360E+2	2.998960E-2	2.156260E-4	-3.000950E-2	-7.839200E-5	1.047210E+2	9.118300E+1	2.449990E+2
1.046130E+2	2.998970E-2	2.141240E-4	-3.000960E-2	-8.265970E-5	1.044980E+2	9.114100E+1	2.479990E+2
1.043960E+2	2.998960E-2	2.132420E-4	-3.000970E-2	-7.886890E-5	1.042800E+2	9.103900E+1	2.509990E+2
1.041780E+2	2.998960E-2	2.136950E-4	-3.001000E-2	-8.165840E-5	1.040610E+2	9.097000E+1	2.540400E+2
1.039640E+2	2.999000E-2	2.148150E-4	-3.001020E-2	-7.848740E-5	1.038560E+2	9.093900E+1	2.570000E+2
1.037570E+2	2.998970E-2	2.132890E-4	-3.001050E-2	-7.617470E-5	1.036430E+2	9.088400E+1	2.599990E+2
1.035470E+2	2.998960E-2	2.119780E-4	-3.001010E-2	-7.700920E-5	1.034370E+2	9.086900E+1	2.630000E+2
1.033420E+2	2.998970E-2	2.114530E-4	-3.001020E-2	-7.643700E-5	1.032340E+2	9.083600E+1	2.660000E+2
1.031380E+2	2.999000E-2	2.163410E-4	-3.000970E-2	-7.939340E-5	1.030320E+2	9.077100E+1	2.689990E+2
1.029370E+2	2.998990E-2	2.129790E-4	-3.001040E-2	-7.259850E-5	1.028340E+2	9.074600E+1	2.719990E+2
1.027420E+2	2.998960E-2	2.141710E-4	-3.001000E-2	-7.159710E-5	1.026370E+2	9.072800E+1	2.750000E+2
1.025440E+2	2.998970E-2	2.149820E-4	-3.001000E-2	-7.472040E-5	1.024430E+2	9.052100E+1	2.780000E+2
1.023490E+2	2.998970E-2	2.128600E-4	-3.001020E-2	-7.610320E-5	1.022460E+2	9.036800E+1	2.809980E+2
1.021570E+2	2.998980E-2	2.134320E-4	-3.000980E-2	-7.331370E-5	1.020570E+2	9.031700E+1	2.839980E+2
1.019650E+2	2.998980E-2	2.125020E-4	-3.000980E-2	-7.691380E-5	1.018640E+2	9.031400E+1	2.870400E+2
1.017780E+2	2.998990E-2	2.124790E-4	-3.000960E-2	-7.479190E-5	1.016810E+2	9.026700E+1	2.900000E+2
1.015910E+2	2.998990E-2	2.110000E-4	-3.000990E-2	-7.340910E-5	1.014960E+2	9.021700E+1	2.929990E+2
1.014070E+2	2.998940E-2	2.111200E-4	-3.000980E-2	-7.014270E-5	1.013120E+2	9.020600E+1	2.959990E+2
1.012240E+2	2.998980E-2	2.111200E-4	-3.001010E-2	-6.995200E-5	1.011320E+2	9.016300E+1	2.989990E+2
1.010470E+2	2.998970E-2	2.132180E-4	-3.001010E-2	-7.021430E-5	1.009540E+2	9.012200E+1	3.019990E+2
1.008670E+2	2.998960E-2	2.126220E-4	-3.001020E-2	-6.957050E-5	1.007790E+2	9.009700E+1	3.049980E+2
1.006910E+2	2.998950E-2	2.112390E-4	-3.001020E-2	-6.909370E-5	1.006030E+2	9.005100E+1	3.079990E+2
1.005220E+2	2.998970E-2	2.099750E-4	-3.001020E-2	-6.840230E-5	1.004300E+2	8.998100E+1	3.109990E+2
1.003510E+2	2.998950E-2	2.110480E-4	-3.001010E-2	-6.599430E-5	1.002580E+2	8.995900E+1	3.139990E+2
1.001810E+2	2.998960E-2	2.072100E-4	-3.000990E-2	-6.797310E-5	1.000940E+2	8.991200E+1	3.169990E+2
1.000120E+2	2.998980E-2	2.101660E-4	-3.000980E-2	-6.787780E-5	9.992000E+1	8.978800E+1	3.200400E+2
9.984700E+1	2.998980E-2	2.055170E-4	-3.000980E-2	-6.906990E-5	9.976100E+1	8.971700E+1	3.229980E+2
9.967900E+1	2.999000E-2	2.053980E-4	-3.000960E-2	-6.458760E-5	9.959900E+1	8.968100E+1	3.259980E+2
9.951900E+1	2.998990E-2	2.043490E-4	-3.000990E-2	-6.768700E-5	9.943600E+1	8.964400E+1	3.289990E+2
9.936100E+1	2.998990E-2	2.043720E-4	-3.001020E-2	-6.585120E-5	9.927700E+1	8.963300E+1	3.319990E+2
9.920200E+1	2.998940E-2	2.072330E-4	-3.001010E-2	-6.618500E-5	9.911800E+1	8.953300E+1	3.349990E+2
9.904100E+1	2.998980E-2	2.047300E-4	-3.000990E-2	-6.344320E-5	9.896100E+1	8.947300E+1	3.380000E+2
9.888700E+1	2.998990E-2	2.041340E-4	-3.000980E-2	-6.496910E-5	9.880500E+1	8.944800E+1	3.409980E+2
9.873700E+1	2.998990E-2	2.067570E-4	-3.000980E-2	-6.399150E-5	9.865700E+1	8.941200E+1	3.439980E+2
9.858600E+1	2.999000E-2	2.059700E-4	-3.000990E-2	-6.368160E-5	9.850400E+1	8.932900E+1	3.469990E+2
9.843200E+1	2.998960E-2	2.045630E-4	-3.000990E-2	-6.098750E-5	9.835400E+1	8.928000E+1	3.499990E+2
9.828400E+1	2.998980E-2	2.042060E-4	-3.000980E-2	-6.351470E-5	9.820400E+1	8.926400E+1	3.530390E+2
9.813600E+1	2.998970E-2	2.038480E-4	-3.001020E-2	-6.346700E-5	9.806100E+1	8.918400E+1	3.560000E+2
9.799100E+1	2.998950E-2	2.038000E-4	-3.001010E-2	-5.955700E-5	9.791500E+1	8.915100E+1	3.589980E+2
9.784500E+1	2.998960E-2	2.016540E-4	-3.000970E-2	-6.282330E-5	9.777000E+1	8.912500E+1	3.619980E+2
9.770200E+1	2.998960E-2	2.021550E-4	-3.000970E-2	-5.812650E-5	9.762800E+1	8.899500E+1	3.649990E+2
9.756000E+1	2.998960E-2	2.016780E-4	-3.000960E-2	-5.693440E-5	9.748500E+1	8.871000E+1	3.679980E+2
9.741600E+1	2.998970E-2	2.041340E-4	-3.000950E-2	-6.034370E-5	9.734100E+1	8.848600E+1	3.709980E+2
9.727000E+1	2.998980E-2	1.994610E-4	-3.000960E-2	-5.877020E-5	9.719700E+1	8.839100E+1	3.739990E+2
9.713300E+1	2.998960E-2	2.017970E-4	-3.001000E-2	-5.929470E-5	9.705600E+1	8.837600E+1	3.770000E+2
9.699300E+1	2.999010E-2	2.008680E-4	-3.001010E-2	-5.621910E-5	9.691700E+1	8.837700E+1	3.800000E+2
9.684800E+1	2.998980E-2	2.008680E-4	-3.000970E-2	-5.674360E-5	9.677400E+1	8.833000E+1	3.829990E+2
9.670900E+1	2.999010E-2	2.030130E-4	-3.000950E-2	-5.569460E-5	9.663400E+1	8.823200E+1	3.860400E+2
9.657000E+1	2.998960E-2	2.023460E-4	-3.000990E-2	-5.469320E-5	9.649800E+1	8.819100E+1	3.890000E+2
9.643200E+1	2.998960E-2	2.023220E-4	-3.000970E-2	-5.369190E-5	9.636200E+1	8.812600E+1	3.919990E+2
9.629500E+1	2.999020E-2	1.982450E-4	-3.000990E-2	-5.323890E-5	9.622200E+1	8.806800E+1	3.949990E+2
9.616200E+1	2.998990E-2	2.010350E-4	-3.000990E-2	-5.545620E-5	9.609300E+1	8.805700E+1	3.979990E+2
9.602400E+1	2.999000E-2	1.985550E-4	-3.000940E-2	-5.204680E-5	9.595800E+1	8.800800E+1	4.010000E+2
9.589200E+1	2.999010E-2	2.014400E-4	-3.000980E-2	-5.052090E-5	9.582000E+1	8.791800E+1	4.039990E+2
9.576000E+1	2.998970E-2	1.965520E-4	-3.000990E-2	-4.901890E-5	9.569400E+1	8.784100E+1	4.069990E+2
9.562800E+1	2.998960E-2	1.988170E-4	-3.000990E-2	-4.906650E-5	9.556000E+1	8.768600E+1	4.100000E+2
9.550000E+1	2.998970E-2	1.980780E-4	-3.000970E-2	-5.023480E-5	9.543200E+1	8.759000E+1	4.130000E+2
9.536900E+1	2.998980E-2	1.927610E-4	-3.000990E-2	-4.968640E-5	9.530300E+1	8.756200E+1	4.160000E+2
9.523900E+1	2.998980E-2	1.982690E-4	-3.000970E-2	-4.708770E-5	9.517200E+1	8.751500E+1	4.190390E+2
9.511400E+1	2.998970E-2	1.950030E-4	-3.001000E-2	-4.758830E-5	9.504600E+1	8.750700E+1	4.219980E+2
9.498800E+1	2.998980E-2	1.946690E-4	-3.000990E-2	-4.904270E-5	9.492300E+1	8.749000E+1	4.249980E+2
9.486600E+1	2.998970E-2	1.885650E-4	-3.001020E-2	-4.649160E-5	9.480000E+1	8.738600E+1	4.279980E+2
9.474000E+1	2.998930E-2	1.911880E-4	-3.001000E-2	-4.661080E-5	9.467500E+1	8.723800E+1	4.309990E+2
9.461200E+1	2.998930E-2	1.873020E-4	-3.001000E-2	-4.880430E-5	9.454900E+1	8.694500E+1	4.339990E+2
9.448900E+1	2.998950E-2	1.876350E-4	-3.001030E-2	-4.432200E-5	9.441600E+1	8.669800E+1	4.370000E+2
9.435900E+1	2.998990E-2	1.852990E-4	-3.001020E-2	-4.377370E-5	9.429400E+1	8.656900E+1	4.399990E+2
9.423200E+1	2.998970E-2	1.885650E-4	-3.000990E-2	-4.167560E-5	9.416400E+1	8.651000E+1	4.429980E+2
9.410600E+1	2.998990E-2	1.877070E-4	-3.000970E-2	-4.322530E-5	9.403800E+1	8.647400E+1	4.459980E+2
9.397900E+1	2.998980E-2	1.856090E-4	-3.000980E-2	-3.860000E-5	9.390600E+1	8.646700E+1	4.490000E+2
9.384900E+1	2.998960E-2	1.848460E-4	-3.000950E-2	-4.124640E-5	9.378200E+1	8.639800E+1	4.520390E+2
9.372500E+1	2.998980E-2	1.824380E-4	-3.001010E-2	-3.597740E-5	9.365800E+1	8.628100E+1	4.549980E+2
9.359900E+1	2.998990E-2	1.826050E-4	-3.000990E-2	-3.755090E-5	9.353600E+1	8.620800E+1	4.579990E+2
9.347200E+1	2.998980E-2	1.826290E-4	-3.000990E-2	-3.411770E-5	9.340500E+1	8.619300E+1	4.609990E+2
9.334600E+1	2.998980E-2	1.799820E-4	-3.000990E-2	-3.318790E-5	9.328200E+1	8.612100E+1	4.639990E+2
9.322400E+1	2.998970E-2	1.773120E-4	-3.000970E-2	-3.106590E-5	9.315900E+1	8.595800E+1	4.670000E+2
9.309700E+1	2.999000E-2	1.735930E-4	-3.001020E-2	-2.303120E-5	9.303900E+1	8.585800E+1	4.700000E+2
9.298200E+1	2.999030E-2	1.689200E-4	-3.000990E-2	-1.997950E-5	9.291700E+1	8.584700E+1	4.729990E+2
9.286100E+1	2.998950E-2	1.663450E-4	-3.001010E-2	-1.573560E-5	9.279900E+1	8.585100E+1	4.759980E+2
9.274000E+1	2.998950E-2	1.571660E-4	-3.001000E-2	-7.319450E-6	9.268000E+1	8.577000E+1	4.790000E+2
9.262400E+1	2.998970E-2	1.494170E-4	-3.001020E-2	-7.629390E-7	9.256100E+1	8.566900E+1	4.819980E+2
9.250200E+1	2.999000E-2	1.396420E-4	-3.000970E-2	8.416180E-6	9.243800E+1	8.562500E+1	4.850400E+2
9.239100E+1	2.998980E-2	1.317740E-4	-3.000970E-2	1.585480E-5	9.232500E+1	8.556800E+1	4.879990E+2
9.226900E+1	2.998980E-2	1.225470E-4	-3.001020E-2	2.310280E-5	9.221200E+1	8.555100E+1	4.909980E+2
9.215600E+1	2.998980E-2	1.132250E-4	-3.001010E-2	3.476140E-5	9.209300E+1	8.532900E+1	4.939990E+2
9.203900E+1	2.998990E-2	1.071690E-4	-3.001000E-2	3.902910E-5	9.197700E+1	8.508100E+1	4.969990E+2
9.192000E+1	2.998960E-2	9.858610E-5	-3.001010E-2	4.825590E-5	9.185900E+1	8.488900E+1	5.000000E+2
9.180800E+1	2.998960E-2	9.241100E-5	-3.000980E-2	5.254750E-5	9.173900E+1	8.478600E+1	5.029990E+2
9.168200E+1	2.999010E-2	8.893010E-5	-3.000990E-2	5.824570E-5	9.162200E+1	8.474000E+1	5.059990E+2
9.156600E+1	2.998990E-2	8.442400E-5	-3.000990E-2	6.144050E-5	9.150400E+1	8.470400E+1	5.089990E+2
9.144900E+1	2.998960E-2	8.137230E-5	-3.000970E-2	6.625650E-5	9.138700E+1	8.468200E+1	5.120000E+2
9.133000E+1	2.998940E-2	7.874970E-5	-3.000950E-2	6.861690E-5	9.126900E+1	8.464300E+1	5.149990E+2
9.121400E+1	2.999000E-2	7.398130E-5	-3.000950E-2	6.747250E-5	9.114900E+1	8.455000E+1	5.180390E+2
9.109700E+1	2.998990E-2	7.102490E-5	-3.000990E-2	7.343290E-5	9.103400E+1	8.444900E+1	5.210000E+2
9.097900E+1	2.999010E-2	6.716250E-5	-3.000990E-2	7.305150E-5	9.091900E+1	8.439100E+1	5.240000E+2
9.086300E+1	2.999000E-2	6.768700E-5	-3.000950E-2	7.443430E-5	9.080300E+1	8.436700E+1	5.269990E+2
9.075200E+1	2.999000E-2	6.160740E-5	-3.001010E-2	7.750990E-5	9.068900E+1	8.428200E+1	5.299990E+2
9.063400E+1	2.998970E-2	6.353860E-5	-3.000970E-2	7.877350E-5	9.058200E+1	8.423200E+1	5.330000E+2
9.052800E+1	2.998970E-2	6.477830E-5	-3.000930E-2	8.330350E-5	9.047000E+1	8.422300E+1	5.360000E+2
9.041300E+1	2.998990E-2	6.604190E-5	-3.000930E-2	8.046630E-5	9.035700E+1	8.415200E+1	5.389990E+2
9.030600E+1	2.998980E-2	6.749630E-5	-3.000970E-2	8.456710E-5	9.025000E+1	8.408700E+1	5.419990E+2
9.020100E+1	2.998970E-2	6.480220E-5	-3.000960E-2	8.387570E-5	9.014400E+1	8.406200E+1	5.449990E+2
9.009300E+1	2.998990E-2	6.549360E-5	-3.000980E-2	8.316040E-5	9.003900E+1	8.404500E+1	5.479980E+2
8.999000E+1	2.998970E-2	6.377700E-5	-3.000970E-2	8.480550E-5	8.993200E+1	8.399900E+1	5.510400E+2
8.988300E+1	2.998960E-2	6.496910E-5	-3.000950E-2	8.447170E-5	8.982500E+1	8.395000E+1	5.539990E+2
8.977800E+1	2.998950E-2	6.334780E-5	-3.000980E-2	8.583070E-5	8.972400E+1	8.390200E+1	5.570000E+2
8.967700E+1	2.998970E-2	6.484990E-5	-3.001000E-2	8.258820E-5	8.962400E+1	8.390200E+1	5.600000E+2
8.958000E+1	2.998940E-2	6.117820E-5	-3.001010E-2	8.630750E-5	8.952300E+1	8.389100E+1	5.629990E+2
8.947300E+1	2.998940E-2	6.117820E-5	-3.001000E-2	8.461480E-5	8.942700E+1	8.384800E+1	5.660000E+2
8.937600E+1	2.998940E-2	6.604190E-5	-3.000950E-2	8.692740E-5	8.932600E+1	8.381200E+1	5.689990E+2
8.928200E+1	2.998950E-2	6.558900E-5	-3.000950E-2	8.392330E-5	8.923100E+1	8.380200E+1	5.720000E+2
8.918900E+1	2.998980E-2	6.418230E-5	-3.000950E-2	8.606910E-5	8.913500E+1	8.376900E+1	5.749990E+2
8.908700E+1	2.998990E-2	6.482600E-5	-3.000970E-2	8.673670E-5	8.903800E+1	8.373200E+1	5.779990E+2
8.899800E+1	2.999010E-2	6.201270E-5	-3.000970E-2	8.728500E-5	8.894700E+1	8.372400E+1	5.810000E+2
8.890100E+1	2.998980E-2	6.473060E-5	-3.000960E-2	8.909700E-5	8.885000E+1	8.366600E+1	5.840390E+2
8.880800E+1	2.998980E-2	6.592270E-5	-3.000960E-2	8.668900E-5	8.876200E+1	8.360400E+1	5.870000E+2
8.871800E+1	2.998980E-2	6.453990E-5	-3.000960E-2	8.802410E-5	8.867200E+1	8.359300E+1	5.899990E+2
8.862900E+1	2.999000E-2	6.308560E-5	-3.000970E-2	8.788110E-5	8.858200E+1	8.361500E+1	5.929980E+2
8.853900E+1	2.998970E-2	6.277560E-5	-3.000990E-2	8.862020E-5	8.849100E+1	8.358700E+1	5.959980E+2
8.845200E+1	2.998960E-2	6.339550E-5	-3.000970E-2	8.997920E-5	8.840600E+1	8.352700E+1	5.990000E+2
8.836200E+1	2.998960E-2	6.384850E-5	-3.001000E-2	8.935930E-5	8.831700E+1	8.350300E+1	6.019990E+2
8.827700E+1	2.998960E-2	6.172660E-5	-3.000980E-2	9.140970E-5	8.823400E+1	8.350200E+1	6.050000E+2
8.819500E+1	2.998980E-2	6.401540E-5	-3.000980E-2	8.759500E-5	8.814800E+1	8.350300E+1	6.079990E+2
8.811000E+1	2.998990E-2	6.310940E-5	-3.000990E-2	8.986000E-5	8.807000E+1	8.347300E+1	6.109980E+2
8.802700E+1	2.999010E-2	6.146430E-5	-3.000990E-2	8.747580E-5	8.798400E+1	8.346800E+1	6.140000E+2
8.794400E+1	2.998960E-2	6.215570E-5	-3.000990E-2	8.840560E-5	8.789900E+1	8.348800E+1	6.170390E+2
8.786200E+1	2.999010E-2	6.256100E-5	-3.000990E-2	9.028910E-5	8.782300E+1	8.349100E+1	6.200000E+2
8.778300E+1	2.999000E-2	6.134510E-5	-3.000950E-2	9.133820E-5	8.774300E+1	8.351400E+1	6.230000E+2
8.770800E+1	2.999000E-2	6.315710E-5	-3.000980E-2	9.143350E-5	8.766700E+1	8.353900E+1	6.259990E+2
8.763300E+1	2.999010E-2	5.915170E-5	-3.000990E-2	8.914470E-5	8.759100E+1	8.357300E+1	6.289980E+2
8.755400E+1	2.998990E-2	5.826950E-5	-3.000960E-2	8.871560E-5	8.751600E+1	8.359500E+1	6.319980E+2
8.748200E+1	2.998990E-2	6.148820E-5	-3.001030E-2	9.260180E-5	8.744600E+1	8.362800E+1	6.349990E+2
8.741000E+1	2.998970E-2	6.268020E-5	-3.001000E-2	9.162430E-5	8.737200E+1	8.366300E+1	6.380000E+2
8.734000E+1	2.998970E-2	6.313320E-5	-3.000980E-2	9.102820E-5	8.730400E+1	8.370400E+1	6.409990E+2
8.727600E+1	2.998970E-2	6.227490E-5	-3.001000E-2	9.109970E-5	8.723600E+1	8.374600E+1	6.439980E+2
8.720300E+1	2.998990E-2	6.361010E-5	-3.001010E-2	9.205340E-5	8.717200E+1	8.377800E+1	6.469990E+2
8.713800E+1	2.998980E-2	5.972390E-5	-3.000980E-2	9.236340E-5	8.710400E+1	8.380700E+1	6.500390E+2
8.706600E+1	2.998990E-2	5.998610E-5	-3.001000E-2	9.038450E-5	8.704000E+1	8.384600E+1	6.530000E+2
8.701100E+1	2.998980E-2	5.855560E-5	-3.000990E-2	9.222030E-5	8.698000E+1	8.388300E+1	6.560000E+2
8.695200E+1	2.998990E-2	5.888940E-5	-3.000980E-2	9.303090E-5	8.691800E+1	8.392600E+1	6.589990E+2
8.689000E+1	2.999000E-2	5.822180E-5	-3.000950E-2	8.826260E-5	8.685900E+1	8.396900E+1	6.619980E+2
8.683400E+1	2.999000E-2	6.251340E-5	-3.000970E-2	9.112360E-5	8.680500E+1	8.401300E+1	6.650000E+2
8.678000E+1	2.998950E-2	5.767350E-5	-3.001050E-2	9.360310E-5	8.675100E+1	8.405300E+1	6.680000E+2
8.671900E+1	2.999000E-2	5.717280E-5	-3.001020E-2	9.381770E-5	8.669500E+1	8.410000E+1	6.709990E+2
8.666800E+1	2.998990E-2	6.141660E-5	-3.001010E-2	9.343620E-5	8.664300E+1	8.414100E+1	6.739990E+2
8.662300E+1	2.998990E-2	5.857940E-5	-3.001010E-2	9.405610E-5	8.658900E+1	8.418300E+1	6.770000E+2
8.657100E+1	2.998970E-2	5.729200E-5	-3.000980E-2	9.500980E-5	8.654100E+1	8.422200E+1	6.799990E+2
8.652300E+1	2.999020E-2	5.929470E-5	-3.000950E-2	9.098050E-5	8.649600E+1	8.427000E+1	6.830380E+2
8.647500E+1	2.999010E-2	5.767350E-5	-3.000950E-2	9.467600E-5	8.644800E+1	8.430600E+1	6.859990E+2
8.643100E+1	2.999030E-2	5.881790E-5	-3.000940E-2	9.231570E-5	8.640900E+1	8.434000E+1	6.890000E+2
8.638500E+1	2.999000E-2	5.741120E-5	-3.000980E-2	9.078980E-5	8.635900E+1	8.437800E+1	6.919980E+2
8.634600E+1	2.998990E-2	5.655290E-5	-3.000990E-2	9.214880E-5	8.632100E+1	8.441300E+1	6.949980E+2
8.630200E+1	2.999000E-2	5.655290E-5	-3.000990E-2	9.171960E-5	8.627800E+1	8.444700E+1	6.980000E+2
8.626400E+1	2.998980E-2	5.838870E-5	-3.001010E-2	9.584430E-5	8.624100E+1	8.447100E+1	7.009990E+2
8.622300E+1	2.998940E-2	5.862710E-5	-3.001000E-2	9.419920E-5	8.620300E+1	8.444200E+1	7.039990E+2
8.618600E+1	2.998960E-2	5.652900E-5	-3.001020E-2	9.875300E-5	8.616100E+1	8.443000E+1	7.069980E+2
8.613600E+1	2.998950E-2	5.922320E-5	-3.001000E-2	9.572510E-5	8.611400E+1	8.427700E+1	7.099980E+2
8.609300E+1	2.998910E-2	6.012920E-5	-3.001010E-2	9.512900E-5	8.606600E+1	8.388500E+1	7.129980E+2
8.604300E+1	2.998970E-2	5.729200E-5	-3.000990E-2	9.603500E-5	8.601400E+1	8.344000E+1	7.160390E+2
8.598400E+1	2.998990E-2	5.366800E-5	-3.001010E-2	9.386540E-5	8.595300E+1	8.292800E+1	7.189980E+2
8.583600E+1	2.998960E-2	5.149840E-5	-3.001000E-2	9.641650E-5	8.504300E+1	8.196600E+1	7.220000E+2
8.421800E+1	2.998970E-2	4.878040E-5	-3.001030E-2	9.667870E-5	8.347800E+1	8.134600E+1	7.249980E+2
8.302000E+1	2.998990E-2	5.013940E-5	-3.001040E-2	1.040220E-4	8.263700E+1	8.100100E+1	7.279990E+2
8.233500E+1	2.999000E-2	5.795960E-5	-3.001010E-2	1.064780E-4	8.203100E+1	8.072500E+1	7.309990E+2
8.177400E+1	2.998970E-2	5.841260E-5	-3.001000E-2	1.072170E-4	8.150600E+1	8.051100E+1	7.339990E+2
8.115200E+1	2.998970E-2	5.691050E-5	-3.000990E-2	1.094340E-4	8.072000E+1	8.036900E+1	7.370000E+2
8.027100E+1	2.998970E-2	5.924700E-5	-3.001020E-2	1.086710E-4	7.994000E+1	8.031900E+1	7.400000E+2
7.964300E+1	2.998980E-2	5.493160E-5	-3.001000E-2	1.039740E-4	7.939000E+1	8.030100E+1	7.430000E+2
7.919300E+1	2.998950E-2	5.698200E-5	-3.000990E-2	1.002790E-4	7.900800E+1	8.029200E+1	7.459990E+2
7.889200E+1	2.998980E-2	5.314350E-5	-3.000980E-2	1.059770E-4	7.872500E+1	8.030900E+1	7.490390E+2
7.863400E+1	2.998960E-2	5.104540E-5	-3.000970E-2	1.014230E-4	7.857100E+1	8.034000E+1	7.519980E+2
7.850500E+1	2.998970E-2	5.328660E-5	-3.000970E-2	1.028060E-4	7.844700E+1	8.037200E+1	7.550000E+2
7.839900E+1	2.999020E-2	5.438330E-5	-3.000980E-2	1.030680E-4	7.833800E+1	8.043600E+1	7.580000E+2
7.827300E+1	2.999020E-2	4.935260E-5	-3.000970E-2	1.048800E-4	7.823100E+1	8.052500E+1	7.609990E+2
7.820400E+1	2.999000E-2	5.061630E-5	-3.001000E-2	9.994510E-5	7.817600E+1	8.058500E+1	7.639980E+2
7.827300E+1	2.998940E-2	4.932880E-5	-3.001020E-2	1.039740E-4	7.844600E+1	8.094100E+1	7.670000E+2
7.853700E+1	2.998940E-2	5.164150E-5	-3.001020E-2	1.075980E-4	7.854100E+1	8.111400E+1	7.699990E+2
7.853000E+1	2.998930E-2	5.397800E-5	-3.001020E-2	1.040700E-4	7.852300E+1	8.110200E+1	7.729990E+2
7.853200E+1	2.998950E-2	5.259510E-5	-3.001000E-2	1.050230E-4	7.853200E+1	8.111200E+1	7.759990E+2
7.853300E+1	2.998980E-2	5.209450E-5	-3.001020E-2	1.062150E-4	7.852100E+1	8.109400E+1	7.790000E+2
7.850300E+1	2.998930E-2	5.533700E-5	-3.001020E-2	1.030450E-4	7.847300E+1	8.104300E+1	7.820390E+2
7.844100E+1	2.998970E-2	5.528930E-5	-3.001020E-2	1.035450E-4	7.840000E+1	8.098800E+1	7.849990E+2
7.836200E+1	2.998990E-2	5.111690E-5	-3.001020E-2	1.061920E-4	7.832400E+1	8.095000E+1	7.879990E+2
7.831100E+1	2.999010E-2	5.435940E-5	-3.001050E-2	1.076460E-4	7.830500E+1	8.092900E+1	7.909980E+2
7.829900E+1	2.998960E-2	5.447860E-5	-3.001030E-2	1.043800E-4	7.828100E+1	8.091200E+1	7.939980E+2
7.828400E+1	2.998970E-2	5.288120E-5	-3.000980E-2	1.043800E-4	7.827500E+1	8.090500E+1	7.969980E+2
7.827100E+1	2.998950E-2	5.352500E-5	-3.001020E-2	1.036170E-4	7.826200E+1	8.089500E+1	8.000000E+2
7.825300E+1	2.998950E-2	4.982950E-5	-3.001020E-2	1.072880E-4	7.824800E+1	8.088400E+1	8.030000E+2
7.823000E+1	2.998920E-2	5.426410E-5	-3.001010E-2	1.081470E-4	7.821800E+1	8.086600E+1	8.059990E+2
7.820900E+1	2.998950E-2	5.722050E-5	-3.001050E-2	1.058820E-4	7.820100E+1	8.084700E+1	8.089990E+2
7.818900E+1	2.998980E-2	5.269050E-5	-3.001040E-2	1.055000E-4	7.818700E+1	8.082900E+1	8.119990E+2
7.818100E+1	2.998950E-2	5.452630E-5	-3.000990E-2	1.056190E-4	7.816700E+1	8.081200E+1	8.150390E+2
7.815600E+1	2.999000E-2	5.450250E-5	-3.000990E-2	1.039030E-4	7.815900E+1	8.079500E+1	8.179990E+2
7.814800E+1	2.998980E-2	5.311970E-5	-3.000960E-2	1.052140E-4	7.815100E+1	8.078500E+1	8.209990E+2
7.815000E+1	2.999000E-2	5.187990E-5	-3.000980E-2	1.026150E-4	7.815600E+1	8.077800E+1	8.240000E+2
7.816500E+1	2.998950E-2	5.342960E-5	-3.001000E-2	1.027820E-4	7.817400E+1	8.079200E+1	8.270000E+2
7.818500E+1	2.998980E-2	5.276200E-5	-3.001010E-2	1.034500E-4	7.818800E+1	8.080300E+1	8.299990E+2
7.820100E+1	2.998960E-2	5.259510E-5	-3.001050E-2	1.059530E-4	7.821300E+1	8.082300E+1	8.330000E+2
7.821600E+1	2.998950E-2	5.257130E-5	-3.001040E-2	1.082180E-4	7.823400E+1	8.083800E+1	8.359990E+2
7.823800E+1	2.998940E-2	5.533700E-5	-3.001010E-2	1.066450E-4	7.823800E+1	8.084900E+1	8.389990E+2
7.824000E+1	2.998960E-2	5.419250E-5	-3.000990E-2	1.012090E-4	7.823600E+1	8.085100E+1	8.419990E+2
7.824700E+1	2.998950E-2	5.459790E-5	-3.001020E-2	1.049040E-4	7.824400E+1	8.086100E+1	8.449980E+2
7.824700E+1	2.998950E-2	5.121230E-5	-3.001000E-2	1.045230E-4	7.825600E+1	8.087200E+1	8.480390E+2
7.825500E+1	2.998990E-2	5.242820E-5	-3.001000E-2	1.030920E-4	7.826100E+1	8.087600E+1	8.509980E+2
7.825100E+1	2.999000E-2	5.497930E-5	-3.000980E-2	1.042600E-4	7.825200E+1	8.087500E+1	8.540000E+2
7.825300E+1	2.999020E-2	5.526540E-5	-3.000950E-2	1.034740E-4	7.822400E+1	8.086700E+1	8.570000E+2
7.824200E+1	2.998960E-2	5.614760E-5	-3.000970E-2	1.044270E-4	7.824600E+1	8.087000E+1	8.599990E+2
7.824400E+1	2.998990E-2	5.359650E-5	-3.000990E-2	1.044990E-4	7.824400E+1	8.086900E+1	8.629990E+2
7.824100E+1	2.998950E-2	5.409720E-5	-3.000990E-2	1.022820E-4	7.824200E+1	8.086400E+1	8.660000E+2
7.823100E+1	2.999000E-2	5.350110E-5	-3.001010E-2	1.057620E-4	7.823400E+1	8.086200E+1	8.689990E+2
7.822300E+1	2.998990E-2	5.569460E-5	-3.001000E-2	1.042130E-4	7.821700E+1	8.084800E+1	8.719990E+2
7.821900E+1	2.998960E-2	5.433560E-5	-3.000980E-2	1.053090E-4	7.820100E+1	8.084000E+1	8.749990E+2
7.820700E+1	2.998960E-2	5.433560E-5	-3.000990E-2	1.033780E-4	7.820900E+1	8.083800E+1	8.780000E+2
7.820100E+1	2.999000E-2	5.321500E-5	-3.000990E-2	1.033070E-4	7.820200E+1	8.083200E+1	8.810390E+2
7.821600E+1	2.998970E-2	5.047320E-5	-3.000990E-2	1.030450E-4	7.820500E+1	8.083400E+1	8.839980E+2
7.820400E+1	2.998980E-2	5.147460E-5	-3.000980E-2	1.013040E-4	7.820600E+1	8.083400E+1	8.870000E+2
7.820800E+1	2.998950E-2	5.276200E-5	-3.000980E-2	1.031880E-4	7.819300E+1	8.082400E+1	8.899990E+2
7.819500E+1	2.998960E-2	5.233290E-5	-3.000970E-2	1.060250E-4	7.819500E+1	8.082200E+1	8.929990E+2
7.819700E+1	2.999000E-2	5.385880E-5	-3.000950E-2	1.024720E-4	7.819300E+1	8.081900E+1	8.959990E+2
7.819200E+1	2.998960E-2	5.106930E-5	-3.000980E-2	1.019950E-4	7.820200E+1	8.082700E+1	8.990000E+2
7.818700E+1	2.999000E-2	5.254750E-5	-3.001010E-2	1.059060E-4	7.818800E+1	8.082000E+1	9.019990E+2
7.820400E+1	2.998980E-2	5.242820E-5	-3.000990E-2	1.044510E-4	7.819400E+1	8.082100E+1	9.049980E+2
7.819700E+1	2.998980E-2	5.199910E-5	-3.000980E-2	1.070980E-4	7.819800E+1	8.082300E+1	9.080000E+2
7.820500E+1	2.998950E-2	5.450250E-5	-3.000970E-2	1.073120E-4	7.819800E+1	8.082200E+1	9.110000E+2
